# lam=5.00e-02  r=5  mX_therm=2.344563e+01  eps_therm=3.541927e-07  GoH_thresh=0.05  mX_join_max=2.673772e+01
# mX [GeV]    mY [GeV]    epsX_relic    epsX_bbn    Och2    GoH_handoff   regime  (0=joint, 1=secluded)
2.34456340e+01 4.68912681e+00 1.00000000e-01 nan 1.20000000e-01 nan 0.00000000e+00
2.34456340e+01 4.68912681e+00 3.54192699e-06 nan 1.20026392e-01 1.45776951e+05 0.00000000e+00
2.34456340e+01 4.68912681e+00 2.92352136e-06 nan 1.20040829e-01 9.93166806e+04 0.00000000e+00
2.34456340e+01 4.68912681e+00 2.41308677e-06 nan 1.20027375e-01 6.76636668e+04 0.00000000e+00
2.34456340e+01 4.68912681e+00 1.99177192e-06 nan 1.20028963e-01 4.60987196e+04 0.00000000e+00
2.34456340e+01 4.68912681e+00 1.64401688e-06 nan 1.20031046e-01 3.14066920e+04 0.00000000e+00
2.34456340e+01 4.68912681e+00 1.35697841e-06 nan 1.20038727e-01 2.13971302e+04 0.00000000e+00
2.34456340e+01 4.68912681e+00 1.12005566e-06 nan 1.20034868e-01 1.45776951e+04 0.00000000e+00
2.34456340e+01 4.68912681e+00 9.24498628e-07 nan 1.20031251e-01 9.93166806e+03 0.00000000e+00
1.93803595e+01 3.87607190e+00 7.63085037e-07 1.31124836e-09 1.19972502e-01 1.25346264e+00 0.00000000e+00
1.94108841e+01 3.88217682e+00 7.08385398e-07 1.31124836e-09 1.20024923e-01 1.09960120e+00 0.00000000e+00
1.89057737e+01 3.78115474e+00 6.32486962e-07 1.52414737e-09 1.19996233e-01 1.01621084e+00 0.00000000e+00
1.89029007e+01 3.78058013e+00 6.29853583e-07 1.52414737e-09 1.19995707e-01 1.01700481e+00 0.00000000e+00
1.89330716e+01 3.78661433e+00 5.56588527e-07 1.49522655e-09 1.20008848e-01 1.01782848e+00 0.00000000e+00
1.89177179e+01 3.78354358e+00 5.19883784e-07 1.52414737e-09 1.19836428e-01 1.01845186e+00 0.00000000e+00
1.89559108e+01 3.79118216e+00 4.80690091e-07 1.49522655e-09 1.20383178e-01 1.01908325e+00 0.00000000e+00
1.89835510e+01 3.79671020e+00 4.29114251e-07 1.49522655e-09 1.20269881e-01 1.02020407e+00 0.00000000e+00
1.90021336e+01 3.80042671e+00 4.04791656e-07 1.46685451e-09 1.20337159e-01 1.02083877e+00 0.00000000e+00
1.90520667e+01 3.81041334e+00 3.54192699e-07 1.46685451e-09 1.20497795e-01 1.02230099e+00 0.00000000e+00
1.90827869e+01 3.81655738e+00 3.28893220e-07 1.45200470e-09 1.20580736e-01 1.02322835e+00 0.00000000e+00
1.91392256e+01 3.82784511e+00 2.52994785e-07 1.41908577e-09 1.20023643e-01 1.02717766e+00 0.00000000e+00
1.91875488e+01 3.83750975e+00 2.41308677e-07 1.40110438e-09 1.20413399e-01 1.02787250e+00 0.00000000e+00
1.93237043e+01 3.86474085e+00 1.77096349e-07 1.33825715e-09 1.20328630e-01 1.03344463e+00 0.00000000e+00
1.93632183e+01 3.87264365e+00 1.64401688e-07 1.31124836e-09 1.20313101e-01 1.03552664e+00 0.00000000e+00
1.95583137e+01 3.91166274e+00 1.12005566e-07 1.25249233e-09 1.19991455e-01 1.04598574e+00 0.00000000e+00
1.98755837e+01 3.97511673e+00 7.63085037e-08 1.14496901e-09 1.20024811e-01 1.05311468e+00 0.00000000e+00
2.02947344e+01 4.05894689e+00 5.19883784e-08 1.03266388e-09 1.19975205e-01 1.06669140e+00 0.00000000e+00
2.07913925e+01 4.15827850e+00 3.54192699e-08 8.61164123e-10 1.19970235e-01 1.08383256e+00 0.00000000e+00
2.13788376e+01 4.27576751e+00 2.41308677e-08 7.16703168e-10 1.19987564e-01 8.22206883e-01 0.00000000e+00
2.20999845e+01 4.41999691e+00 1.64401688e-08 5.87798874e-10 1.20029556e-01 5.28627488e-01 0.00000000e+00
2.30464817e+01 4.60929634e+00 1.12005566e-08 4.88578481e-10 1.20344613e-01 3.29453605e-01 0.00000000e+00
2.43540514e+01 4.87081028e+00 7.63085037e-09 4.18861775e-10 1.19970618e-01 1.87142374e-01 0.00000000e+00
2.67377234e+01 5.34754468e+00 5.19883784e-09 3.76338071e-10 1.19977852e-01 9.10716105e-02 0.00000000e+00
2.83419868e+01 5.66839736e+00 4.33508361e-09 3.57445274e-10 1.20000000e-01 nan 1.00000000e+00
2.89918338e+01 5.79836676e+00 4.03896400e-09 3.57445274e-10 1.20000000e-01 nan 1.00000000e+00
2.96565810e+01 5.93131621e+00 3.77759258e-09 3.49781970e-10 1.20000000e-01 nan 1.00000000e+00
3.03365701e+01 6.06731402e+00 3.53864135e-09 3.44154963e-10 1.20000000e-01 nan 1.00000000e+00
3.10321505e+01 6.20643009e+00 3.32470103e-09 3.38618478e-10 1.20000000e-01 nan 1.00000000e+00
3.17436796e+01 6.34873593e+00 3.13124435e-09 3.34944723e-10 1.20000000e-01 nan 1.00000000e+00
3.24715233e+01 6.49430466e+00 2.95703737e-09 3.27710987e-10 1.20000000e-01 nan 1.00000000e+00
3.32160556e+01 6.64321111e+00 2.79502837e-09 3.24150261e-10 1.20000000e-01 nan 1.00000000e+00
3.39776590e+01 6.79553180e+00 2.64409891e-09 3.17139254e-10 1.20000000e-01 nan 1.00000000e+00
3.47567251e+01 6.95134502e+00 2.50830394e-09 3.12908231e-10 1.20000000e-01 nan 1.00000000e+00
3.55536542e+01 7.11073084e+00 2.38151745e-09 3.08733655e-10 1.20000000e-01 nan 1.00000000e+00
3.63688559e+01 7.27377119e+00 2.26658282e-09 3.03863818e-10 1.20000000e-01 nan 1.00000000e+00
3.72027492e+01 7.44054985e+00 2.15661894e-09 3.00550842e-10 1.20000000e-01 nan 1.00000000e+00
3.80557627e+01 7.61115254e+00 2.05457734e-09 2.94197025e-10 1.20000000e-01 nan 1.00000000e+00
3.84560000e+01 7.69120000e+00 2.00986584e-09 2.94197025e-10 1.20000000e-01 nan 1.00000000e+00
3.89283347e+01 7.78566694e+00 1.95884464e-09 2.87977532e-10 1.20000000e-01 nan 1.00000000e+00
3.94412857e+01 7.88825714e+00 1.90713230e-09 2.87977532e-10 1.20000000e-01 nan 1.00000000e+00
3.98209137e+01 7.96418274e+00 1.87127495e-09 2.87977532e-10 1.20000000e-01 nan 1.00000000e+00
4.04265714e+01 8.08531429e+00 1.81372560e-09 2.84830111e-10 1.20000000e-01 nan 1.00000000e+00
4.07339584e+01 8.14679169e+00 1.78669308e-09 2.81418336e-10 1.20000000e-01 nan 1.00000000e+00
4.14118571e+01 8.28237143e+00 1.72992269e-09 2.78047428e-10 1.20000000e-01 nan 1.00000000e+00
4.16679382e+01 8.33358764e+00 1.70915244e-09 2.78047428e-10 1.20000000e-01 nan 1.00000000e+00
4.23971429e+01 8.47942857e+00 1.65126964e-09 2.74432184e-10 1.20000000e-01 nan 1.00000000e+00
4.26233330e+01 8.52466659e+00 1.63482574e-09 2.74432184e-10 1.20000000e-01 nan 1.00000000e+00
4.33824286e+01 8.67648571e+00 1.57874440e-09 2.71426263e-10 1.20000000e-01 nan 1.00000000e+00
4.36006337e+01 8.72012675e+00 1.56395174e-09 2.71426263e-10 1.20000000e-01 nan 1.00000000e+00
4.43677143e+01 8.87354286e+00 1.51260537e-09 2.66429109e-10 1.20000000e-01 nan 1.00000000e+00
4.46003428e+01 8.92006857e+00 1.49702255e-09 2.66429109e-10 1.20000000e-01 nan 1.00000000e+00
4.53530000e+01 9.07060000e+00 1.44986227e-09 2.61523956e-10 1.20000000e-01 nan 1.00000000e+00
4.56229741e+01 9.12459481e+00 1.43384705e-09 2.61523956e-10 1.20000000e-01 nan 1.00000000e+00
4.63382857e+01 9.26765714e+00 1.39106662e-09 2.58653188e-10 1.20000000e-01 nan 1.00000000e+00
4.66690529e+01 9.33381059e+00 1.37284516e-09 2.58653188e-10 1.20000000e-01 nan 1.00000000e+00
4.73235714e+01 9.46471429e+00 1.33631777e-09 2.55812521e-10 1.20000000e-01 nan 1.00000000e+00
4.77391171e+01 9.54782343e+00 1.31298894e-09 2.52575635e-10 1.20000000e-01 nan 1.00000000e+00
4.83088571e+01 9.66177143e+00 1.28279295e-09 2.52575635e-10 1.20000000e-01 nan 1.00000000e+00
4.88337166e+01 9.76674332e+00 1.18437191e-09 2.52575635e-10 1.20000000e-01 nan 1.00000000e+00
4.92941429e+01 9.85882857e+00 1.09695323e-09 2.33613108e-10 1.20000000e-01 nan 1.00000000e+00
4.99534139e+01 9.99068277e+00 9.90453349e-10 2.17043171e-10 1.20000000e-01 nan 1.00000000e+00
5.02794286e+01 1.00558857e+01 9.42209271e-10 2.08658604e-10 1.20000000e-01 nan 1.00000000e+00
5.10987844e+01 1.02197569e+01 8.48012874e-10 1.87944196e-10 1.20000000e-01 nan 1.00000000e+00
5.12647143e+01 1.02529429e+01 8.32416879e-10 1.87944196e-10 1.20000000e-01 nan 1.00000000e+00
5.22500000e+01 1.04500000e+01 7.45017790e-10 1.71201367e-10 1.20000000e-01 nan 1.00000000e+00
5.22704169e+01 1.04540834e+01 7.44686570e-10 1.71201367e-10 1.20000000e-01 nan 1.00000000e+00
5.34689135e+01 1.06937827e+01 6.63943740e-10 1.56302430e-10 1.20000000e-01 nan 1.00000000e+00
5.46948902e+01 1.09389780e+01 5.99635053e-10 1.45128928e-10 1.20000000e-01 nan 1.00000000e+00
5.59489770e+01 1.11897954e+01 5.48055276e-10 1.35791698e-10 1.20000000e-01 nan 1.00000000e+00
5.72318185e+01 1.14463637e+01 5.04816190e-10 1.28787242e-10 1.20000000e-01 nan 1.00000000e+00
5.85440740e+01 1.17088148e+01 4.68777359e-10 1.22144092e-10 1.20000000e-01 nan 1.00000000e+00
5.98864178e+01 1.19772836e+01 4.37414005e-10 1.16509643e-10 1.20000000e-01 nan 1.00000000e+00
6.12595400e+01 1.22519080e+01 4.10476973e-10 1.11135108e-10 1.20000000e-01 nan 1.00000000e+00
6.26641462e+01 1.25328292e+01 3.86443750e-10 1.08614962e-10 1.20000000e-01 nan 1.00000000e+00
6.41009583e+01 1.28201917e+01 3.64947493e-10 1.04502752e-10 1.20000000e-01 nan 1.00000000e+00
6.55707147e+01 1.31141429e+01 3.45907653e-10 1.01334952e-10 1.20000000e-01 nan 1.00000000e+00
6.70741708e+01 1.34148342e+01 3.28605986e-10 9.82607173e-11 1.20000000e-01 nan 1.00000000e+00
6.86120994e+01 1.37224199e+01 3.13160548e-10 9.61078562e-11 1.20000000e-01 nan 1.00000000e+00
7.01852907e+01 1.40370581e+01 2.98589262e-10 9.40021636e-11 1.20000000e-01 nan 1.00000000e+00
7.17945534e+01 1.43589107e+01 2.85377761e-10 9.09743206e-11 1.20000000e-01 nan 1.00000000e+00
7.34407146e+01 1.46881429e+01 2.73138413e-10 8.99281727e-11 1.20000000e-01 nan 1.00000000e+00
7.51246201e+01 1.50249240e+01 2.61921508e-10 8.78703032e-11 1.20000000e-01 nan 1.00000000e+00
7.68471356e+01 1.53694271e+01 2.51304637e-10 8.56359641e-11 1.20000000e-01 nan 1.00000000e+00
7.86091463e+01 1.57218293e+01 2.41461699e-10 8.44324756e-11 1.20000000e-01 nan 1.00000000e+00
8.04115577e+01 1.60823115e+01 2.32187475e-10 8.34584391e-11 1.20000000e-01 nan 1.00000000e+00
8.22552961e+01 1.64510592e+01 2.23476460e-10 8.18105948e-11 1.20000000e-01 nan 1.00000000e+00
8.41413093e+01 1.68282619e+01 2.15257967e-10 8.01952863e-11 1.20000000e-01 nan 1.00000000e+00
8.60705664e+01 1.72141133e+01 2.07573806e-10 7.92680895e-11 1.20000000e-01 nan 1.00000000e+00
8.80440590e+01 1.76088118e+01 2.00215339e-10 7.74784035e-11 1.20000000e-01 nan 1.00000000e+00
9.00628014e+01 1.80125603e+01 1.93278848e-10 7.74784035e-11 1.20000000e-01 nan 1.00000000e+00
9.21278311e+01 1.84255662e+01 1.86606456e-10 7.57291244e-11 1.20000000e-01 nan 1.00000000e+00
9.42402093e+01 1.88480419e+01 1.80316360e-10 7.44526827e-11 1.20000000e-01 nan 1.00000000e+00
9.64010218e+01 1.92802044e+01 1.74331261e-10 7.44526827e-11 1.20000000e-01 nan 1.00000000e+00
9.86113791e+01 1.97222758e+01 1.68618443e-10 7.31977558e-11 1.20000000e-01 nan 1.00000000e+00
1.00872417e+02 2.01744834e+01 1.63155377e-10 7.23481583e-11 1.20000000e-01 nan 1.00000000e+00
1.03185298e+02 2.06370596e+01 1.57852052e-10 7.15080042e-11 1.20000000e-01 nan 1.00000000e+00
1.05551211e+02 2.11102421e+01 1.52804942e-10 7.06450177e-11 1.20000000e-01 nan 1.00000000e+00
1.07971370e+02 2.15942741e+01 1.47984449e-10 6.97924461e-11 1.20000000e-01 nan 1.00000000e+00
1.10447022e+02 2.20894043e+01 1.43323757e-10 6.89200447e-11 1.20000000e-01 nan 1.00000000e+00
1.12979437e+02 2.25958873e+01 1.38857108e-10 6.81180461e-11 1.20000000e-01 nan 1.00000000e+00
1.15569917e+02 2.31139833e+01 1.34590799e-10 6.68748624e-11 1.20000000e-01 nan 1.00000000e+00
1.18219793e+02 2.36439586e+01 1.30445969e-10 6.68748624e-11 1.20000000e-01 nan 1.00000000e+00
1.20930428e+02 2.41860856e+01 1.26447912e-10 6.56543675e-11 1.20000000e-01 nan 1.00000000e+00
1.23703215e+02 2.47406429e+01 1.22582979e-10 6.56543675e-11 1.20000000e-01 nan 1.00000000e+00
1.26539578e+02 2.53079156e+01 1.18839578e-10 6.48887946e-11 1.20000000e-01 nan 1.00000000e+00
1.29440975e+02 2.58881950e+01 1.15266494e-10 6.35187906e-11 1.20000000e-01 nan 1.00000000e+00
1.32408898e+02 2.64817796e+01 1.11784627e-10 6.35187906e-11 1.20000000e-01 nan 1.00000000e+00
1.35444872e+02 2.70889744e+01 1.08413205e-10 6.21777117e-11 1.20000000e-01 nan 1.00000000e+00
1.38550457e+02 2.77100914e+01 1.05162868e-10 6.21777117e-11 1.20000000e-01 nan 1.00000000e+00
1.41727249e+02 2.83454498e+01 1.02013630e-10 6.12242501e-11 1.20000000e-01 nan 1.00000000e+00
1.44976881e+02 2.89953762e+01 9.89904567e-11 6.12242501e-11 1.20000000e-01 nan 1.00000000e+00
1.48301023e+02 2.96602047e+01 9.60795369e-11 6.02854092e-11 1.20000000e-01 nan 1.00000000e+00
1.51701384e+02 3.03402768e+01 9.32141139e-11 6.02854092e-11 1.20000000e-01 nan 1.00000000e+00
1.55179711e+02 3.10359422e+01 9.04479507e-11 5.95798991e-11 1.20000000e-01 nan 1.00000000e+00
1.58737792e+02 3.17475583e+01 8.77718312e-11 5.88822987e-11 1.20000000e-01 nan 1.00000000e+00
1.62377455e+02 3.24754909e+01 8.51889219e-11 5.81925233e-11 1.20000000e-01 nan 1.00000000e+00
1.66100571e+02 3.32201141e+01 8.27007550e-11 5.75104893e-11 1.20000000e-01 nan 1.00000000e+00
1.69909053e+02 3.39818106e+01 8.02991046e-11 5.75104893e-11 1.20000000e-01 nan 1.00000000e+00
1.73804860e+02 3.47609719e+01 7.78715163e-11 5.68361138e-11 1.20000000e-01 nan 1.00000000e+00
1.77789992e+02 3.55579984e+01 7.55568116e-11 5.60833955e-11 1.20000000e-01 nan 1.00000000e+00
1.81866499e+02 3.63732997e+01 7.33391965e-11 5.53406460e-11 1.20000000e-01 nan 1.00000000e+00
1.86036475e+02 3.72072949e+01 7.11769696e-11 5.53406460e-11 1.20000000e-01 nan 1.00000000e+00
1.90302063e+02 3.80604126e+01 6.91021267e-11 5.45253350e-11 1.20000000e-01 nan 1.00000000e+00
1.94665456e+02 3.89330912e+01 6.70911612e-11 5.38845269e-11 1.20000000e-01 nan 1.00000000e+00
1.99128896e+02 3.98257793e+01 6.51219517e-11 5.38845269e-11 1.20000000e-01 nan 1.00000000e+00
2.03694678e+02 4.07389356e+01 6.31737509e-11 5.27784763e-11 1.20000000e-01 nan 1.00000000e+00
2.08365147e+02 4.16730295e+01 6.13271581e-11 5.27784763e-11 1.20000000e-01 nan 1.00000000e+00
2.13142705e+02 4.26285410e+01 5.95311951e-11 5.16951288e-11 1.20000000e-01 nan 1.00000000e+00
2.18029806e+02 4.36059612e+01 5.77849833e-11 5.16951288e-11 1.20000000e-01 nan 1.00000000e+00
2.23028962e+02 4.46057924e+01 5.61054492e-11 5.10862205e-11 1.20000000e-01 nan 1.00000000e+00
2.28142743e+02 4.56285486e+01 5.44337386e-11 4.98902724e-11 1.20000000e-01 nan 1.00000000e+00
2.33373776e+02 4.66747553e+01 5.28121934e-11 4.98902724e-11 1.20000000e-01 nan 1.00000000e+00
2.38724751e+02 4.77449502e+01 5.12594055e-11 4.98902724e-11 1.20000000e-01 nan 1.00000000e+00
2.44198417e+02 4.88396834e+01 4.97532420e-11 4.87223219e-11 1.20000000e-01 nan 1.00000000e+00
2.49797588e+02 4.99595175e+01 4.83087913e-11 4.87223219e-11 1.20000000e-01 nan 1.00000000e+00
2.55525140e+02 5.11050280e+01 4.68849516e-11 4.78655761e-11 1.20000000e-01 nan 1.00000000e+00
2.61384019e+02 5.22768037e+01 4.54810936e-11 4.78655761e-11 1.20000000e-01 nan 1.00000000e+00
2.67377234e+02 5.34754468e+01 4.41225460e-11 4.70238956e-11 1.20000000e-01 nan 1.00000000e+00
2.67644611e+02 5.35289222e+01 4.40668127e-11 4.70238956e-11 1.20000000e-01 nan 1.00000000e+00
3.03235906e+02 6.06471811e+01 3.73264819e-11 4.47769943e-11 1.20000000e-01 nan 1.00000000e+00
3.43560119e+02 6.87120238e+01 3.15701849e-11 4.28345197e-11 1.20000000e-01 nan 1.00000000e+00
3.89246633e+02 7.78493267e+01 2.66641309e-11 4.06111400e-11 1.20000000e-01 nan 1.00000000e+00
4.41008526e+02 8.82017052e+01 2.24690678e-11 3.79988120e-11 1.20000000e-01 nan 1.00000000e+00
4.99653698e+02 9.99307397e+01 1.87823252e-11 3.56510021e-11 1.20000000e-01 nan 1.00000000e+00
5.00400000e+02 1.00080000e+02 1.87416111e-11 3.56510021e-11 1.20000000e-01 nan 1.00000000e+00
5.09027586e+02 1.01805517e+02 1.82642748e-11 3.52245265e-11 1.20000000e-01 nan 1.00000000e+00
5.17655172e+02 1.03531034e+02 1.77829842e-11 3.52245265e-11 1.20000000e-01 nan 1.00000000e+00
5.26282759e+02 1.05256552e+02 1.73093910e-11 3.45315184e-11 1.20000000e-01 nan 1.00000000e+00
5.34910345e+02 1.06982069e+02 1.68457705e-11 3.38521445e-11 1.20000000e-01 nan 1.00000000e+00
5.43537931e+02 1.08707586e+02 1.63855968e-11 3.38521445e-11 1.20000000e-01 nan 1.00000000e+00
5.52165517e+02 1.10433103e+02 1.59291293e-11 3.34463215e-11 1.20000000e-01 nan 1.00000000e+00
5.60793103e+02 1.12158621e+02 1.54728674e-11 3.26900089e-11 1.20000000e-01 nan 1.00000000e+00
5.66097487e+02 1.13219497e+02 1.51932410e-11 3.26900089e-11 1.20000000e-01 nan 1.00000000e+00
5.69420690e+02 1.13884138e+02 1.50188879e-11 3.19507985e-11 1.20000000e-01 nan 1.00000000e+00
5.78048276e+02 1.15609655e+02 1.45602136e-11 3.19507985e-11 1.20000000e-01 nan 1.00000000e+00
5.86675862e+02 1.17335172e+02 1.40960413e-11 3.08939021e-11 1.20000000e-01 nan 1.00000000e+00
5.95303448e+02 1.19060690e+02 1.36163024e-11 3.05221466e-11 1.20000000e-01 nan 1.00000000e+00
6.03931034e+02 1.20786207e+02 1.31332814e-11 2.97894258e-11 1.20000000e-01 nan 1.00000000e+00
6.12558621e+02 1.22511724e+02 1.26456824e-11 2.90706795e-11 1.20000000e-01 nan 1.00000000e+00
6.21186207e+02 1.24237241e+02 1.21518689e-11 2.81993946e-11 1.20000000e-01 nan 1.00000000e+00
6.29813793e+02 1.25962759e+02 1.16562251e-11 2.76882363e-11 1.20000000e-01 nan 1.00000000e+00
6.38441379e+02 1.27688276e+02 1.11558938e-11 2.67765258e-11 1.20000000e-01 nan 1.00000000e+00
6.41376949e+02 1.28275390e+02 1.09850898e-11 2.62116679e-11 1.20000000e-01 nan 1.00000000e+00
6.47068966e+02 1.29413793e+02 1.06564483e-11 2.58157705e-11 1.20000000e-01 nan 1.00000000e+00
6.55696552e+02 1.31139310e+02 1.01530588e-11 2.48126328e-11 1.20000000e-01 nan 1.00000000e+00
6.64324138e+02 1.32864828e+02 9.65150499e-12 2.38976568e-11 1.20000000e-01 nan 1.00000000e+00
6.72951724e+02 1.34590345e+02 9.13913296e-12 2.29743160e-11 1.20000000e-01 nan 1.00000000e+00
6.81579310e+02 1.36315862e+02 8.64745568e-12 2.20676661e-11 1.20000000e-01 nan 1.00000000e+00
6.90206897e+02 1.38041379e+02 8.15064081e-12 2.08106405e-11 1.20000000e-01 nan 1.00000000e+00
6.98834483e+02 1.39766897e+02 7.65746280e-12 1.98675940e-11 1.20000000e-01 nan 1.00000000e+00
7.07462069e+02 1.41492414e+02 7.17378256e-12 1.89098833e-11 1.20000000e-01 nan 1.00000000e+00
7.16089655e+02 1.43217931e+02 6.69425956e-12 1.77769539e-11 1.20000000e-01 nan 1.00000000e+00
7.24717241e+02 1.44943448e+02 6.22699930e-12 1.67648984e-11 1.20000000e-01 nan 1.00000000e+00
7.26667050e+02 1.45333410e+02 6.12315287e-12 1.65087199e-11 1.20000000e-01 nan 1.00000000e+00
7.33344828e+02 1.46668966e+02 5.76657523e-12 1.57033069e-11 1.20000000e-01 nan 1.00000000e+00
7.39486800e+02 1.47897360e+02 5.44208687e-12 1.48264944e-11 1.20000000e-01 nan 1.00000000e+00
7.41972414e+02 1.48394483e+02 5.31351810e-12 1.45439989e-11 1.20000000e-01 nan 1.00000000e+00
7.50600000e+02 1.50120000e+02 4.86469799e-12 1.35166631e-11 1.20000000e-01 nan 1.00000000e+00
7.58433279e+02 1.51686656e+02 4.45291201e-12 1.23663754e-11 1.20000000e-01 nan 1.00000000e+00
7.77379757e+02 1.55475951e+02 3.46065860e-12 9.92336978e-12 1.20000000e-01 nan 1.00000000e+00
7.96326236e+02 1.59265247e+02 2.34266888e-12 6.90484261e-12 1.20000000e-01 nan 1.00000000e+00
8.15272714e+02 1.63054543e+02 1.39334118e-12 4.19699180e-12 1.20000000e-01 nan 1.00000000e+00
8.23299001e+02 1.64659800e+02 1.21836131e-12 3.65228126e-12 1.20000000e-01 nan 1.00000000e+00
8.34219193e+02 1.66843839e+02 1.06957651e-12 3.27453977e-12 1.20000000e-01 nan 1.00000000e+00
8.38925920e+02 1.67785184e+02 1.02148019e-12 3.15756003e-12 1.20000000e-01 nan 1.00000000e+00
8.53165671e+02 1.70633134e+02 9.09472164e-13 2.85936408e-12 1.20000000e-01 nan 1.00000000e+00
8.60420140e+02 1.72084028e+02 8.64556170e-13 2.71384964e-12 1.20000000e-01 nan 1.00000000e+00
8.72112150e+02 1.74422430e+02 8.02417268e-13 2.54678241e-12 1.20000000e-01 nan 1.00000000e+00
8.81914360e+02 1.76382872e+02 7.57258666e-13 2.45762830e-12 1.20000000e-01 nan 1.00000000e+00
8.91058629e+02 1.78211726e+02 7.18575755e-13 2.36632476e-12 1.20000000e-01 nan 1.00000000e+00
9.03408580e+02 1.80681716e+02 6.68230733e-13 2.21446525e-12 1.20000000e-01 nan 1.00000000e+00
9.10005107e+02 1.82001021e+02 6.40519490e-13 2.12517384e-12 1.20000000e-01 nan 1.00000000e+00
9.24902800e+02 1.84980560e+02 5.79484805e-13 1.97793049e-12 1.20000000e-01 nan 1.00000000e+00
9.28951586e+02 1.85790317e+02 5.65247181e-13 1.92401229e-12 1.20000000e-01 nan 1.00000000e+00
9.32781038e+02 1.86556208e+02 5.52645329e-13 1.89822205e-12 1.20000000e-01 nan 1.00000000e+00
9.46397020e+02 1.89279404e+02 5.14122025e-13 1.75101685e-12 1.20000000e-01 nan 1.00000000e+00
9.47898064e+02 1.89579613e+02 5.10311155e-13 1.75101685e-12 1.20000000e-01 nan 1.00000000e+00
9.66844543e+02 1.93368909e+02 4.67677092e-13 1.63845268e-12 1.20000000e-01 nan 1.00000000e+00
9.67891240e+02 1.93578248e+02 4.65607772e-13 1.63845268e-12 1.20000000e-01 nan 1.00000000e+00
9.85791021e+02 1.97158204e+02 4.32584849e-13 1.54287066e-12 1.20000000e-01 nan 1.00000000e+00
9.89385460e+02 1.97877092e+02 4.26558795e-13 1.54287066e-12 1.20000000e-01 nan 1.00000000e+00
1.00473750e+03 2.00947500e+02 4.02399278e-13 1.47272232e-12 1.20000000e-01 nan 1.00000000e+00
1.01087968e+03 2.02175936e+02 3.93496530e-13 1.45278708e-12 1.20000000e-01 nan 1.00000000e+00
1.03237390e+03 2.06474780e+02 3.64944660e-13 1.38205452e-12 1.20000000e-01 nan 1.00000000e+00
1.05386812e+03 2.10773624e+02 3.39687918e-13 1.31476575e-12 1.20000000e-01 nan 1.00000000e+00
1.05682196e+03 2.11364392e+02 3.36451869e-13 1.28676888e-12 1.20000000e-01 nan 1.00000000e+00
1.07536234e+03 2.15072468e+02 3.17254783e-13 1.24103640e-12 1.20000000e-01 nan 1.00000000e+00
1.09685656e+03 2.19371312e+02 2.97049156e-13 1.18985708e-12 1.20000000e-01 nan 1.00000000e+00
1.11835078e+03 2.23670156e+02 2.78738543e-13 1.14373163e-12 1.20000000e-01 nan 1.00000000e+00
1.13984500e+03 2.27969000e+02 2.62042883e-13 1.09372236e-12 1.20000000e-01 nan 1.00000000e+00
1.15092000e+03 2.30184000e+02 2.53998437e-13 1.05854137e-12 1.20000000e-01 nan 1.00000000e+00
1.18040786e+03 2.36081571e+02 2.34246955e-13 1.01228314e-12 1.20000000e-01 nan 1.00000000e+00
1.19735781e+03 2.39471561e+02 2.23916381e-13 9.81529189e-13 1.20000000e-01 nan 1.00000000e+00
1.20989571e+03 2.41979143e+02 2.16767249e-13 9.54742181e-13 1.20000000e-01 nan 1.00000000e+00
1.23938357e+03 2.47876714e+02 2.01198297e-13 9.09890157e-13 1.20000000e-01 nan 1.00000000e+00
1.26887143e+03 2.53774286e+02 1.75981425e-13 8.09838115e-13 1.20000000e-01 nan 1.00000000e+00
1.29835929e+03 2.59671857e+02 1.59067245e-13 7.46097872e-13 1.20000000e-01 nan 1.00000000e+00
1.32784714e+03 2.65569429e+02 1.45959123e-13 6.99374252e-13 1.20000000e-01 nan 1.00000000e+00
1.35658206e+03 2.71316413e+02 1.35174891e-13 6.59026362e-13 1.20000000e-01 nan 1.00000000e+00
1.35733500e+03 2.71467000e+02 1.34920586e-13 6.59026362e-13 1.20000000e-01 nan 1.00000000e+00
1.38682286e+03 2.77364571e+02 1.25449257e-13 6.29762245e-13 1.20000000e-01 nan 1.00000000e+00
1.41631071e+03 2.83262143e+02 1.17139972e-13 6.05972388e-13 1.20000000e-01 nan 1.00000000e+00
1.44579857e+03 2.89159714e+02 1.09691888e-13 5.71105805e-13 1.20000000e-01 nan 1.00000000e+00
1.47528643e+03 2.95057286e+02 1.02955955e-13 5.51452405e-13 1.20000000e-01 nan 1.00000000e+00
1.50477429e+03 3.00954857e+02 9.68518321e-14 5.25290323e-13 1.20000000e-01 nan 1.00000000e+00
1.53426214e+03 3.06852429e+02 9.12698930e-14 5.10635005e-13 1.20000000e-01 nan 1.00000000e+00
1.53697991e+03 3.07395982e+02 9.07732021e-14 5.03456050e-13 1.20000000e-01 nan 1.00000000e+00
1.56375000e+03 3.12750000e+02 8.61490764e-14 4.90865629e-13 1.20000000e-01 nan 1.00000000e+00
1.58874800e+03 3.17749600e+02 8.21470735e-14 4.69948481e-13 1.20000000e-01 nan 1.00000000e+00
1.62945350e+03 3.25890700e+02 7.63243021e-14 4.45158954e-13 1.20000000e-01 nan 1.00000000e+00
1.67015900e+03 3.34031800e+02 7.10937194e-14 4.29248413e-13 1.20000000e-01 nan 1.00000000e+00
1.71086450e+03 3.42172900e+02 6.64106713e-14 4.11121355e-13 1.20000000e-01 nan 1.00000000e+00
1.74136701e+03 3.48273402e+02 6.31175120e-14 3.92221510e-13 1.20000000e-01 nan 1.00000000e+00
1.75157000e+03 3.50314000e+02 6.19092798e-14 3.92221510e-13 1.20000000e-01 nan 1.00000000e+00
1.79227550e+03 3.58455100e+02 5.71908639e-14 3.74190518e-13 1.20000000e-01 nan 1.00000000e+00
1.83298100e+03 3.66596200e+02 5.30231080e-14 3.50493677e-13 1.20000000e-01 nan 1.00000000e+00
1.87368650e+03 3.74737300e+02 4.92965116e-14 3.35721001e-13 1.20000000e-01 nan 1.00000000e+00
1.91439200e+03 3.82878400e+02 4.59494869e-14 3.13055790e-13 1.20000000e-01 nan 1.00000000e+00
1.95509750e+03 3.91019500e+02 4.29395415e-14 3.04785801e-13 1.20000000e-01 nan 1.00000000e+00
1.97293343e+03 3.94586687e+02 4.17212759e-14 2.98883910e-13 1.20000000e-01 nan 1.00000000e+00
1.99580300e+03 3.99160600e+02 4.02287115e-14 2.93096303e-13 1.20000000e-01 nan 1.00000000e+00
2.03650850e+03 4.07301700e+02 3.77898933e-14 2.75824687e-13 1.20000000e-01 nan 1.00000000e+00
2.07721400e+03 4.15442800e+02 3.56040916e-14 2.67186981e-13 1.20000000e-01 nan 1.00000000e+00
2.11791950e+03 4.23583900e+02 3.36112038e-14 2.59556956e-13 1.20000000e-01 nan 1.00000000e+00
2.15862500e+03 4.31725000e+02 3.17811019e-14 2.46924112e-13 1.20000000e-01 nan 1.00000000e+00
2.23529349e+03 4.47058698e+02 2.87187427e-14 2.34906118e-13 1.20000000e-01 nan 1.00000000e+00
2.53254210e+03 5.06508420e+02 2.06209874e-14 1.91724891e-13 1.20000000e-01 nan 1.00000000e+00
2.86931874e+03 5.73863747e+02 1.47806347e-14 1.57085650e-13 1.20000000e-01 nan 1.00000000e+00
3.25087982e+03 6.50175964e+02 1.06835855e-14 1.29522158e-13 1.20000000e-01 nan 1.00000000e+00
3.68318078e+03 7.36636156e+02 7.75443210e-15 1.05344907e-13 1.20000000e-01 nan 1.00000000e+00
4.17296898e+03 8.34593795e+02 5.64190755e-15 8.73885964e-14 1.20000000e-01 nan 1.00000000e+00
4.72788905e+03 9.45577810e+02 4.11137935e-15 7.42977044e-14 1.20000000e-01 nan 1.00000000e+00
5.35660222e+03 1.07132044e+03 2.99974165e-15 6.15990532e-14 1.20000000e-01 nan 1.00000000e+00
6.06892147e+03 1.21378429e+03 2.19242187e-15 5.09562357e-14 1.20000000e-01 nan 1.00000000e+00
6.87596470e+03 1.37519294e+03 1.60438553e-15 4.24875823e-14 1.20000000e-01 nan 1.00000000e+00
7.79032828e+03 1.55806566e+03 1.17629717e-15 3.53935513e-14 1.20000000e-01 nan 1.00000000e+00
8.82628363e+03 1.76525673e+03 8.63801159e-16 2.94855544e-14 1.20000000e-01 nan 1.00000000e+00
1.00000000e+04 2.00000000e+03 6.35180512e-16 2.41686074e-14 1.20000000e-01 nan 1.00000000e+00
