# lam=5.00e-02  r=2.5  mX_therm=2.413238e+01  eps_therm=1.999202e-07  GoH_thresh=0.05  mX_join_max=2.647290e+01
# mX [GeV]    mY [GeV]    epsX_relic    epsX_bbn    Och2    GoH_handoff   regime  (0=joint, 1=secluded)
2.41323834e+01 9.65295334e+00 1.00000000e-01 nan 1.20000000e-01 nan 0.00000000e+00
2.41323834e+01 9.65295334e+00 1.99920184e-06 nan 1.20041625e-01 1.45476112e+05 0.00000000e+00
2.41323834e+01 9.65295334e+00 1.65014956e-06 nan 1.20034694e-01 9.91117211e+04 0.00000000e+00
2.41323834e+01 9.65295334e+00 1.36204036e-06 nan 1.20035061e-01 6.75240296e+04 0.00000000e+00
2.41323834e+01 9.65295334e+00 1.12423381e-06 nan 1.20033294e-01 4.60035858e+04 0.00000000e+00
2.41323834e+01 9.65295334e+00 9.27947293e-07 nan 1.20035664e-01 3.13418782e+04 0.00000000e+00
1.75491454e+01 7.01965815e+00 6.32203131e-07 3.12908231e-10 1.19824016e-01 1.27551688e+01 0.00000000e+00
1.72777917e+01 6.91111667e+00 5.21823110e-07 3.12908231e-10 1.20007867e-01 1.05847933e+01 0.00000000e+00
1.70389138e+01 6.81556554e+00 4.30714979e-07 3.17139254e-10 1.20024961e-01 7.91206019e+00 0.00000000e+00
1.70176693e+01 6.80706771e+00 3.99840368e-07 3.17139254e-10 1.20093773e-01 6.79197674e+00 0.00000000e+00
1.70211216e+01 6.80844863e+00 3.57000328e-07 3.17139254e-10 1.19991175e-01 5.32775367e+00 0.00000000e+00
1.70221409e+01 6.80885634e+00 3.55513947e-07 3.17139254e-10 1.20009765e-01 5.28003500e+00 0.00000000e+00
1.70511980e+01 6.82047920e+00 3.14160289e-07 3.17139254e-10 1.19918497e-01 4.07993570e+00 0.00000000e+00
1.70694870e+01 6.82779479e+00 2.93442699e-07 3.17139254e-10 1.19957543e-01 3.56076507e+00 0.00000000e+00
1.70934399e+01 6.83737597e+00 2.71320250e-07 3.17139254e-10 1.19983990e-01 3.05332462e+00 0.00000000e+00
1.71352777e+01 6.85411109e+00 2.42208832e-07 3.17139254e-10 1.20054444e-01 2.45354419e+00 0.00000000e+00
1.71520927e+01 6.86083708e+00 2.28480210e-07 3.17139254e-10 1.19954370e-01 2.19863975e+00 0.00000000e+00
1.72050078e+01 6.88200313e+00 1.99920184e-07 3.17139254e-10 1.19989249e-01 1.71120017e+00 0.00000000e+00
1.72445003e+01 6.89780013e+00 1.85640171e-07 3.12908231e-10 1.20055608e-01 1.49059851e+00 0.00000000e+00
1.71549505e+01 6.86198021e+00 1.42800131e-07 3.17139254e-10 1.20101994e-01 1.02102493e+00 0.00000000e+00
1.70336924e+01 6.81347695e+00 1.36204036e-07 3.17139254e-10 1.19905888e-01 1.02156194e+00 0.00000000e+00
1.65008256e+01 6.60033024e+00 9.99600919e-08 3.24150261e-10 1.20038091e-01 1.02522203e+00 0.00000000e+00
1.64113371e+01 6.56453485e+00 9.27947293e-08 3.27710987e-10 1.20025650e-01 1.02634728e+00 0.00000000e+00
1.64994914e+01 6.59979656e+00 6.32203131e-08 3.24150261e-10 1.20007279e-01 1.03391901e+00 0.00000000e+00
1.67248274e+01 6.68993096e+00 4.30714979e-08 3.20626471e-10 1.20011522e-01 1.04189246e+00 0.00000000e+00
1.70206852e+01 6.80827410e+00 2.93442699e-08 3.17139254e-10 1.20019848e-01 1.06212671e+00 0.00000000e+00
1.74677172e+01 6.98708689e+00 1.99920184e-08 3.12908231e-10 1.20059071e-01 1.07445451e+00 0.00000000e+00
1.82380337e+01 7.29521347e+00 1.36204036e-08 3.03863818e-10 1.20105946e-01 1.10500851e+00 0.00000000e+00
1.94968599e+01 7.79874397e+00 9.27947293e-09 2.87977532e-10 1.19909027e-01 5.18040274e-01 0.00000000e+00
2.12316836e+01 8.49267345e+00 6.32203131e-09 2.74432184e-10 1.19843572e-01 2.36644146e-01 0.00000000e+00
2.36855018e+01 9.47420073e+00 4.30714979e-09 2.55812521e-10 1.19956091e-01 1.07747002e-01 0.00000000e+00
2.50465980e+01 1.00186392e+01 2.93442699e-09 2.13360706e-10 1.19997201e-01 7.62475916e-02 0.00000000e+00
2.64729004e+01 1.05891602e+01 1.99920184e-09 1.63302404e-10 1.20019063e-01 5.56952199e-02 0.00000000e+00
2.80612744e+01 1.12245098e+01 1.50170290e-09 1.35791698e-10 1.20000000e-01 nan 1.00000000e+00
2.87046850e+01 1.14818740e+01 1.36238650e-09 1.27328407e-10 1.20000000e-01 nan 1.00000000e+00
2.93628483e+01 1.17451393e+01 1.24515466e-09 1.20757308e-10 1.20000000e-01 nan 1.00000000e+00
3.00361024e+01 1.20144410e+01 1.14875563e-09 1.16509643e-10 1.20000000e-01 nan 1.00000000e+00
3.07247934e+01 1.22899174e+01 1.06324993e-09 1.11135108e-10 1.20000000e-01 nan 1.00000000e+00
3.14292753e+01 1.25717101e+01 9.90072791e-10 1.07263247e-10 1.20000000e-01 nan 1.00000000e+00
3.21499101e+01 1.28599640e+01 9.25338797e-10 1.04502752e-10 1.20000000e-01 nan 1.00000000e+00
3.28870681e+01 1.31548272e+01 8.68588404e-10 1.01334952e-10 1.20000000e-01 nan 1.00000000e+00
3.36411283e+01 1.34564513e+01 8.17102468e-10 9.82607173e-11 1.20000000e-01 nan 1.00000000e+00
3.44124781e+01 1.37649913e+01 7.71941114e-10 9.61078562e-11 1.20000000e-01 nan 1.00000000e+00
3.52015141e+01 1.40806056e+01 7.30305532e-10 9.24758507e-11 1.20000000e-01 nan 1.00000000e+00
3.60086417e+01 1.44034567e+01 6.92925988e-10 9.09743206e-11 1.20000000e-01 nan 1.00000000e+00
3.68342757e+01 1.47337103e+01 6.58692938e-10 8.88935405e-11 1.20000000e-01 nan 1.00000000e+00
3.76788405e+01 1.50715362e+01 6.27061911e-10 8.78703032e-11 1.20000000e-01 nan 1.00000000e+00
3.85427701e+01 1.54171081e+01 5.97902044e-10 8.56359641e-11 1.20000000e-01 nan 1.00000000e+00
3.94265086e+01 1.57706035e+01 5.71738741e-10 8.44324756e-11 1.20000000e-01 nan 1.00000000e+00
4.03305102e+01 1.61322041e+01 5.46892147e-10 8.18105948e-11 1.20000000e-01 nan 1.00000000e+00
4.12552393e+01 1.65020957e+01 5.23781781e-10 8.18105948e-11 1.20000000e-01 nan 1.00000000e+00
4.22011714e+01 1.68804686e+01 5.02183281e-10 8.01952863e-11 1.20000000e-01 nan 1.00000000e+00
4.31687926e+01 1.72675170e+01 4.81939179e-10 7.92680895e-11 1.20000000e-01 nan 1.00000000e+00
4.41586001e+01 1.76634400e+01 4.63082852e-10 7.74784035e-11 1.20000000e-01 nan 1.00000000e+00
4.51711027e+01 1.80684411e+01 4.45223366e-10 7.57291244e-11 1.20000000e-01 nan 1.00000000e+00
4.62068207e+01 1.84827283e+01 4.28520267e-10 7.57291244e-11 1.20000000e-01 nan 1.00000000e+00
4.72662865e+01 1.89065146e+01 4.12601690e-10 7.44526827e-11 1.20000000e-01 nan 1.00000000e+00
4.83500445e+01 1.93400178e+01 3.97643979e-10 7.31977558e-11 1.20000000e-01 nan 1.00000000e+00
4.94586518e+01 1.97834607e+01 3.83498928e-10 7.31977558e-11 1.20000000e-01 nan 1.00000000e+00
5.05926780e+01 2.02370712e+01 3.69961078e-10 7.23481583e-11 1.20000000e-01 nan 1.00000000e+00
5.17527061e+01 2.07010825e+01 3.57212094e-10 7.15080042e-11 1.20000000e-01 nan 1.00000000e+00
5.29393323e+01 2.11757329e+01 3.44994549e-10 7.06450177e-11 1.20000000e-01 nan 1.00000000e+00
5.41531663e+01 2.16612665e+01 3.33439181e-10 6.97924461e-11 1.20000000e-01 nan 1.00000000e+00
5.53948320e+01 2.21579328e+01 3.22318922e-10 6.89200447e-11 1.20000000e-01 nan 1.00000000e+00
5.66649676e+01 2.26659871e+01 3.11653567e-10 6.81180461e-11 1.20000000e-01 nan 1.00000000e+00
5.79642259e+01 2.31856904e+01 3.01463969e-10 6.68748624e-11 1.20000000e-01 nan 1.00000000e+00
5.92932746e+01 2.37173098e+01 2.92053537e-10 6.68748624e-11 1.20000000e-01 nan 1.00000000e+00
6.06527967e+01 2.42611187e+01 2.82721756e-10 6.56543675e-11 1.20000000e-01 nan 1.00000000e+00
6.20434910e+01 2.48173964e+01 2.73737765e-10 6.56543675e-11 1.20000000e-01 nan 1.00000000e+00
6.34660722e+01 2.53864289e+01 2.65111593e-10 6.48887946e-11 1.20000000e-01 nan 1.00000000e+00
6.49212715e+01 2.59685086e+01 2.56837595e-10 6.35187906e-11 1.20000000e-01 nan 1.00000000e+00
6.64098367e+01 2.65639347e+01 2.48875064e-10 6.35187906e-11 1.20000000e-01 nan 1.00000000e+00
6.79325329e+01 2.71730131e+01 2.41210261e-10 6.21777117e-11 1.20000000e-01 nan 1.00000000e+00
6.94901426e+01 2.77960570e+01 2.33804611e-10 6.21777117e-11 1.20000000e-01 nan 1.00000000e+00
7.10834664e+01 2.84333866e+01 2.26706195e-10 6.12242501e-11 1.20000000e-01 nan 1.00000000e+00
7.27133232e+01 2.90853293e+01 2.19818327e-10 6.12242501e-11 1.20000000e-01 nan 1.00000000e+00
7.43805506e+01 2.97522202e+01 2.13185903e-10 6.02854092e-11 1.20000000e-01 nan 1.00000000e+00
7.60860054e+01 3.04344022e+01 2.06787532e-10 5.95798991e-11 1.20000000e-01 nan 1.00000000e+00
7.78305643e+01 3.11322257e+01 2.00582285e-10 5.95798991e-11 1.20000000e-01 nan 1.00000000e+00
7.96151238e+01 3.18460495e+01 1.94600143e-10 5.88822987e-11 1.20000000e-01 nan 1.00000000e+00
8.14406010e+01 3.25762404e+01 1.88816602e-10 5.81925233e-11 1.20000000e-01 nan 1.00000000e+00
8.33079342e+01 3.33231737e+01 1.83242835e-10 5.75104893e-11 1.20000000e-01 nan 1.00000000e+00
8.52180830e+01 3.40872332e+01 1.77803258e-10 5.68361138e-11 1.20000000e-01 nan 1.00000000e+00
8.71720292e+01 3.48688117e+01 1.72558226e-10 5.68361138e-11 1.20000000e-01 nan 1.00000000e+00
8.91707770e+01 3.56683108e+01 1.67475799e-10 5.60833955e-11 1.20000000e-01 nan 1.00000000e+00
9.12153537e+01 3.64861415e+01 1.62585312e-10 5.53406460e-11 1.20000000e-01 nan 1.00000000e+00
9.33068100e+01 3.73227240e+01 1.57803230e-10 5.53406460e-11 1.20000000e-01 nan 1.00000000e+00
9.54462208e+01 3.81784883e+01 1.53177607e-10 5.45253350e-11 1.20000000e-01 nan 1.00000000e+00
9.76346856e+01 3.90538743e+01 1.48714688e-10 5.38845269e-11 1.20000000e-01 nan 1.00000000e+00
9.98733293e+01 3.99493317e+01 1.44288876e-10 5.27784763e-11 1.20000000e-01 nan 1.00000000e+00
1.02163302e+02 4.08653210e+01 1.40074287e-10 5.27784763e-11 1.20000000e-01 nan 1.00000000e+00
1.04505782e+02 4.18023127e+01 1.36158957e-10 5.27784763e-11 1.20000000e-01 nan 1.00000000e+00
1.06901971e+02 4.27607885e+01 1.32187571e-10 5.16951288e-11 1.20000000e-01 nan 1.00000000e+00
1.09353102e+02 4.37412410e+01 1.28359625e-10 5.16951288e-11 1.20000000e-01 nan 1.00000000e+00
1.11860435e+02 4.47441740e+01 1.24625791e-10 5.10862205e-11 1.20000000e-01 nan 1.00000000e+00
1.14425258e+02 4.57701031e+01 1.21004016e-10 4.98902724e-11 1.20000000e-01 nan 1.00000000e+00
1.17048889e+02 4.68195555e+01 1.17465463e-10 4.98902724e-11 1.20000000e-01 nan 1.00000000e+00
1.19732676e+02 4.78930705e+01 1.14060477e-10 4.98902724e-11 1.20000000e-01 nan 1.00000000e+00
1.22478000e+02 4.89911999e+01 1.10744693e-10 4.87223219e-11 1.20000000e-01 nan 1.00000000e+00
1.25286270e+02 5.01145081e+01 1.07523339e-10 4.87223219e-11 1.20000000e-01 nan 1.00000000e+00
1.28158931e+02 5.12635724e+01 1.04386814e-10 4.78655761e-11 1.20000000e-01 nan 1.00000000e+00
1.31097458e+02 5.24389833e+01 1.01365881e-10 4.78655761e-11 1.20000000e-01 nan 1.00000000e+00
1.34103362e+02 5.36413449e+01 9.84213944e-11 4.70238956e-11 1.20000000e-01 nan 1.00000000e+00
1.37178188e+02 5.48712752e+01 9.55884539e-11 4.70238956e-11 1.20000000e-01 nan 1.00000000e+00
1.40323516e+02 5.61294063e+01 9.28225070e-11 4.64678074e-11 1.20000000e-01 nan 1.00000000e+00
1.43540962e+02 5.74163848e+01 9.00975219e-11 4.59180220e-11 1.20000000e-01 nan 1.00000000e+00
1.46832180e+02 5.87328721e+01 8.74818181e-11 4.53439192e-11 1.20000000e-01 nan 1.00000000e+00
1.50198862e+02 6.00795449e+01 8.49291961e-11 4.53439192e-11 1.20000000e-01 nan 1.00000000e+00
1.53642738e+02 6.14570953e+01 8.24287257e-11 4.47769943e-11 1.20000000e-01 nan 1.00000000e+00
1.57165578e+02 6.28662311e+01 8.01046115e-11 4.41882335e-11 1.20000000e-01 nan 1.00000000e+00
1.60769192e+02 6.43076768e+01 7.77808625e-11 4.36643202e-11 1.20000000e-01 nan 1.00000000e+00
1.64455432e+02 6.57821730e+01 7.54562896e-11 4.36643202e-11 1.20000000e-01 nan 1.00000000e+00
1.68226194e+02 6.72904776e+01 7.32308170e-11 4.28345197e-11 1.20000000e-01 nan 1.00000000e+00
1.72083415e+02 6.88333658e+01 7.10844036e-11 4.28345197e-11 1.20000000e-01 nan 1.00000000e+00
1.76029076e+02 7.04116305e+01 6.89839761e-11 4.20204888e-11 1.20000000e-01 nan 1.00000000e+00
1.80065207e+02 7.20260829e+01 6.69673283e-11 4.20204888e-11 1.20000000e-01 nan 1.00000000e+00
1.84193882e+02 7.36775527e+01 6.50125540e-11 4.15212324e-11 1.20000000e-01 nan 1.00000000e+00
1.88417222e+02 7.53668887e+01 6.31005779e-11 4.06111400e-11 1.20000000e-01 nan 1.00000000e+00
1.92737398e+02 7.70949591e+01 6.12214231e-11 4.06111400e-11 1.20000000e-01 nan 1.00000000e+00
1.97156630e+02 7.88626521e+01 5.94043635e-11 3.97209957e-11 1.20000000e-01 nan 1.00000000e+00
2.01677190e+02 8.06708761e+01 5.76469662e-11 3.97209957e-11 1.20000000e-01 nan 1.00000000e+00
2.06301401e+02 8.25205604e+01 5.59335833e-11 3.90841013e-11 1.20000000e-01 nan 1.00000000e+00
2.11031639e+02 8.44126557e+01 5.42896424e-11 3.90841013e-11 1.20000000e-01 nan 1.00000000e+00
2.15870336e+02 8.63481345e+01 5.26513888e-11 3.84574190e-11 1.20000000e-01 nan 1.00000000e+00
2.20819978e+02 8.83279914e+01 5.10508223e-11 3.79988120e-11 1.20000000e-01 nan 1.00000000e+00
2.25883110e+02 9.03532440e+01 4.95072262e-11 3.75454486e-11 1.20000000e-01 nan 1.00000000e+00
2.31062333e+02 9.24249331e+01 4.80073137e-11 3.70972715e-11 1.20000000e-01 nan 1.00000000e+00
2.36360309e+02 9.45441236e+01 4.65414933e-11 3.66199518e-11 1.20000000e-01 nan 1.00000000e+00
2.41779761e+02 9.67119045e+01 4.51090625e-11 3.66199518e-11 1.20000000e-01 nan 1.00000000e+00
2.47323475e+02 9.89293899e+01 4.36526084e-11 3.61487735e-11 1.20000000e-01 nan 1.00000000e+00
2.50200000e+02 1.00080000e+02 4.29289247e-11 3.56510021e-11 1.20000000e-01 nan 1.00000000e+00
2.52994299e+02 1.01197720e+02 4.22131593e-11 3.56510021e-11 1.20000000e-01 nan 1.00000000e+00
2.54513793e+02 1.01805517e+02 4.18363404e-11 3.52245265e-11 1.20000000e-01 nan 1.00000000e+00
2.58795148e+02 1.03518059e+02 4.08199633e-11 3.52245265e-11 1.20000000e-01 nan 1.00000000e+00
2.58827586e+02 1.03531034e+02 4.08157418e-11 3.52245265e-11 1.20000000e-01 nan 1.00000000e+00
2.63141379e+02 1.05256552e+02 3.97556713e-11 3.45315184e-11 1.20000000e-01 nan 1.00000000e+00
2.64729004e+02 1.05891602e+02 3.93707138e-11 3.45315184e-11 1.20000000e-01 nan 1.00000000e+00
2.64993733e+02 1.05997493e+02 3.93064135e-11 3.45315184e-11 1.20000000e-01 nan 1.00000000e+00
2.67455172e+02 1.06982069e+02 3.87612760e-11 3.38521445e-11 1.20000000e-01 nan 1.00000000e+00
2.71768966e+02 1.08707586e+02 3.77271193e-11 3.38521445e-11 1.20000000e-01 nan 1.00000000e+00
2.76082759e+02 1.10433103e+02 3.67143887e-11 3.34463215e-11 1.20000000e-01 nan 1.00000000e+00
2.80396552e+02 1.12158621e+02 3.56713232e-11 3.26900089e-11 1.20000000e-01 nan 1.00000000e+00
2.84710345e+02 1.13884138e+02 3.46319495e-11 3.19507985e-11 1.20000000e-01 nan 1.00000000e+00
2.89024138e+02 1.15609655e+02 3.35804506e-11 3.19507985e-11 1.20000000e-01 nan 1.00000000e+00
2.93337931e+02 1.17335172e+02 3.25202893e-11 3.08939021e-11 1.20000000e-01 nan 1.00000000e+00
2.97651724e+02 1.19060690e+02 3.14507341e-11 3.05221466e-11 1.20000000e-01 nan 1.00000000e+00
3.00335583e+02 1.20134233e+02 3.07780210e-11 3.01546819e-11 1.20000000e-01 nan 1.00000000e+00
3.01965517e+02 1.20786207e+02 3.03686118e-11 2.97894258e-11 1.20000000e-01 nan 1.00000000e+00
3.06279310e+02 1.22511724e+02 2.92741284e-11 2.90706795e-11 1.20000000e-01 nan 1.00000000e+00
3.10593103e+02 1.24237241e+02 2.81623386e-11 2.81993946e-11 1.20000000e-01 nan 1.00000000e+00
3.14906897e+02 1.25962759e+02 2.70424720e-11 2.76882363e-11 1.20000000e-01 nan 1.00000000e+00
3.19220690e+02 1.27688276e+02 2.58966787e-11 2.67765258e-11 1.20000000e-01 nan 1.00000000e+00
3.23534483e+02 1.29413793e+02 2.47424164e-11 2.58157705e-11 1.20000000e-01 nan 1.00000000e+00
3.27848276e+02 1.31139310e+02 2.35801036e-11 2.48126328e-11 1.20000000e-01 nan 1.00000000e+00
3.32162069e+02 1.32864828e+02 2.24221060e-11 2.38976568e-11 1.20000000e-01 nan 1.00000000e+00
3.36475862e+02 1.34590345e+02 2.12648834e-11 2.29743160e-11 1.20000000e-01 nan 1.00000000e+00
3.40390927e+02 1.36156371e+02 2.02184811e-11 2.20676661e-11 1.20000000e-01 nan 1.00000000e+00
3.40789655e+02 1.36315862e+02 2.01122034e-11 2.20676661e-11 1.20000000e-01 nan 1.00000000e+00
3.45103448e+02 1.38041379e+02 1.89756814e-11 2.08106405e-11 1.20000000e-01 nan 1.00000000e+00
3.49417241e+02 1.39766897e+02 1.78462471e-11 1.98675940e-11 1.20000000e-01 nan 1.00000000e+00
3.53731034e+02 1.41492414e+02 1.67364741e-11 1.89098833e-11 1.20000000e-01 nan 1.00000000e+00
3.58044828e+02 1.43217931e+02 1.56352059e-11 1.77769539e-11 1.20000000e-01 nan 1.00000000e+00
3.62358621e+02 1.44943448e+02 1.45573427e-11 1.67648984e-11 1.20000000e-01 nan 1.00000000e+00
3.66672414e+02 1.46668966e+02 1.34867789e-11 1.57033069e-11 1.20000000e-01 nan 1.00000000e+00
3.69743400e+02 1.47897360e+02 1.27297496e-11 1.48264944e-11 1.20000000e-01 nan 1.00000000e+00
3.70986207e+02 1.48394483e+02 1.24293058e-11 1.45439989e-11 1.20000000e-01 nan 1.00000000e+00
3.75300000e+02 1.50120000e+02 1.13821858e-11 1.35166631e-11 1.20000000e-01 nan 1.00000000e+00
3.79216639e+02 1.51686656e+02 1.04352338e-11 1.23663754e-11 1.20000000e-01 nan 1.00000000e+00
3.85788397e+02 1.54315359e+02 8.83625735e-12 1.08505384e-11 1.20000000e-01 nan 1.00000000e+00
3.88689879e+02 1.55475951e+02 8.11122170e-12 9.92336978e-12 1.20000000e-01 nan 1.00000000e+00
3.98163118e+02 1.59265247e+02 5.49881913e-12 6.90484261e-12 1.20000000e-01 nan 1.00000000e+00
4.07636357e+02 1.63054543e+02 3.27616150e-12 4.19699180e-12 1.20000000e-01 nan 1.00000000e+00
4.17109596e+02 1.66843839e+02 2.51995570e-12 3.27453977e-12 1.20000000e-01 nan 1.00000000e+00
4.19462960e+02 1.67785184e+02 2.40784977e-12 3.15756003e-12 1.20000000e-01 nan 1.00000000e+00
4.26582836e+02 1.70633134e+02 2.14598355e-12 2.85936408e-12 1.20000000e-01 nan 1.00000000e+00
4.30210070e+02 1.72084028e+02 2.04049130e-12 2.71384964e-12 1.20000000e-01 nan 1.00000000e+00
4.36056075e+02 1.74422430e+02 1.89492990e-12 2.54678241e-12 1.20000000e-01 nan 1.00000000e+00
4.37240465e+02 1.74896186e+02 1.86798386e-12 2.54678241e-12 1.20000000e-01 nan 1.00000000e+00
4.40957180e+02 1.76382872e+02 1.78926018e-12 2.45762830e-12 1.20000000e-01 nan 1.00000000e+00
4.45529314e+02 1.78211726e+02 1.69864782e-12 2.36632476e-12 1.20000000e-01 nan 1.00000000e+00
4.51704290e+02 1.80681716e+02 1.58088152e-12 2.21446525e-12 1.20000000e-01 nan 1.00000000e+00
4.55002554e+02 1.82001021e+02 1.51596228e-12 2.12517384e-12 1.20000000e-01 nan 1.00000000e+00
4.62451400e+02 1.84980560e+02 1.37326773e-12 1.97793049e-12 1.20000000e-01 nan 1.00000000e+00
4.64475793e+02 1.85790317e+02 1.33991545e-12 1.92401229e-12 1.20000000e-01 nan 1.00000000e+00
4.73198510e+02 1.89279404e+02 1.22072147e-12 1.75101685e-12 1.20000000e-01 nan 1.00000000e+00
4.73949032e+02 1.89579613e+02 1.21186641e-12 1.75101685e-12 1.20000000e-01 nan 1.00000000e+00
4.83422271e+02 1.93368909e+02 1.11284127e-12 1.63845268e-12 1.20000000e-01 nan 1.00000000e+00
4.83945620e+02 1.93578248e+02 1.10792241e-12 1.63845268e-12 1.20000000e-01 nan 1.00000000e+00
4.92895511e+02 1.97158204e+02 1.03010432e-12 1.54287066e-12 1.20000000e-01 nan 1.00000000e+00
4.94692730e+02 1.97877092e+02 1.01588800e-12 1.54287066e-12 1.20000000e-01 nan 1.00000000e+00
4.95554625e+02 1.98221850e+02 1.00941398e-12 1.54287066e-12 1.20000000e-01 nan 1.00000000e+00
5.02368750e+02 2.00947500e+02 9.59087797e-13 1.47272232e-12 1.20000000e-01 nan 1.00000000e+00
5.05439840e+02 2.02175936e+02 9.38232026e-13 1.45278708e-12 1.20000000e-01 nan 1.00000000e+00
5.16186950e+02 2.06474780e+02 8.71349616e-13 1.38205452e-12 1.20000000e-01 nan 1.00000000e+00
5.26934060e+02 2.10773624e+02 8.12225690e-13 1.31476575e-12 1.20000000e-01 nan 1.00000000e+00
5.37681170e+02 2.15072468e+02 7.59760462e-13 1.24103640e-12 1.20000000e-01 nan 1.00000000e+00
5.48428280e+02 2.19371312e+02 7.12654213e-13 1.18985708e-12 1.20000000e-01 nan 1.00000000e+00
5.59175390e+02 2.23670156e+02 6.69956803e-13 1.14373163e-12 1.20000000e-01 nan 1.00000000e+00
5.61646064e+02 2.24658426e+02 6.60467258e-13 1.11459913e-12 1.20000000e-01 nan 1.00000000e+00
5.69922500e+02 2.27969000e+02 6.30399634e-13 1.09372236e-12 1.20000000e-01 nan 1.00000000e+00
5.75460000e+02 2.30184000e+02 6.11400509e-13 1.05854137e-12 1.20000000e-01 nan 1.00000000e+00
5.90203929e+02 2.36081571e+02 5.64946875e-13 1.01228314e-12 1.20000000e-01 nan 1.00000000e+00
6.04947857e+02 2.41979143e+02 5.23808546e-13 9.54742181e-13 1.20000000e-01 nan 1.00000000e+00
6.19691786e+02 2.47876714e+02 4.86833104e-13 9.09890157e-13 1.20000000e-01 nan 1.00000000e+00
6.34435714e+02 2.53774286e+02 4.26708188e-13 8.09838115e-13 1.20000000e-01 nan 1.00000000e+00
6.36552027e+02 2.54620811e+02 4.19993648e-13 7.98636929e-13 1.20000000e-01 nan 1.00000000e+00
6.49179643e+02 2.59671857e+02 3.86738957e-13 7.46097872e-13 1.20000000e-01 nan 1.00000000e+00
6.63923571e+02 2.65569429e+02 3.55424231e-13 6.99374252e-13 1.20000000e-01 nan 1.00000000e+00
6.78667500e+02 2.71467000e+02 3.29183091e-13 6.59026362e-13 1.20000000e-01 nan 1.00000000e+00
6.93411429e+02 2.77364571e+02 3.06499367e-13 6.29762245e-13 1.20000000e-01 nan 1.00000000e+00
7.08155357e+02 2.83262143e+02 2.86541733e-13 6.05972388e-13 1.20000000e-01 nan 1.00000000e+00
7.21448096e+02 2.88579239e+02 2.70443053e-13 5.81131670e-13 1.20000000e-01 nan 1.00000000e+00
7.22899286e+02 2.89159714e+02 2.68773978e-13 5.71105805e-13 1.20000000e-01 nan 1.00000000e+00
7.37643214e+02 2.95057286e+02 2.52812805e-13 5.51452405e-13 1.20000000e-01 nan 1.00000000e+00
7.52387143e+02 3.00954857e+02 2.38406671e-13 5.25290323e-13 1.20000000e-01 nan 1.00000000e+00
7.67131071e+02 3.06852429e+02 2.25049371e-13 5.10635005e-13 1.20000000e-01 nan 1.00000000e+00
7.81875000e+02 3.12750000e+02 2.12815205e-13 4.90865629e-13 1.20000000e-01 nan 1.00000000e+00
7.94374000e+02 3.17749600e+02 2.03276394e-13 4.69948481e-13 1.20000000e-01 nan 1.00000000e+00
8.14726750e+02 3.25890700e+02 1.89098125e-13 4.45158954e-13 1.20000000e-01 nan 1.00000000e+00
8.17666637e+02 3.27066655e+02 1.87222983e-13 4.45158954e-13 1.20000000e-01 nan 1.00000000e+00
8.35079500e+02 3.34031800e+02 1.76493947e-13 4.29248413e-13 1.20000000e-01 nan 1.00000000e+00
8.55432250e+02 3.42172900e+02 1.65294822e-13 4.11121355e-13 1.20000000e-01 nan 1.00000000e+00
8.75785000e+02 3.50314000e+02 1.54604476e-13 3.92221510e-13 1.20000000e-01 nan 1.00000000e+00
8.96137750e+02 3.58455100e+02 1.43199830e-13 3.74190518e-13 1.20000000e-01 nan 1.00000000e+00
9.16490500e+02 3.66596200e+02 1.32916068e-13 3.50493677e-13 1.20000000e-01 nan 1.00000000e+00
9.26717713e+02 3.70687085e+02 1.28171230e-13 3.45501082e-13 1.20000000e-01 nan 1.00000000e+00
9.36843250e+02 3.74737300e+02 1.23758881e-13 3.35721001e-13 1.20000000e-01 nan 1.00000000e+00
9.57196000e+02 3.82878400e+02 1.15587025e-13 3.13055790e-13 1.20000000e-01 nan 1.00000000e+00
9.77548750e+02 3.91019500e+02 1.08277769e-13 3.04785801e-13 1.20000000e-01 nan 1.00000000e+00
9.97901500e+02 3.99160600e+02 1.01729095e-13 2.93096303e-13 1.20000000e-01 nan 1.00000000e+00
1.01825425e+03 4.07301700e+02 9.58193762e-14 2.75824687e-13 1.20000000e-01 nan 1.00000000e+00
1.03860700e+03 4.15442800e+02 9.03934371e-14 2.67186981e-13 1.20000000e-01 nan 1.00000000e+00
1.05031278e+03 4.20125112e+02 8.75034046e-14 2.63345290e-13 1.20000000e-01 nan 1.00000000e+00
1.05895975e+03 4.23583900e+02 8.54685592e-14 2.59556956e-13 1.20000000e-01 nan 1.00000000e+00
1.07931250e+03 4.31725000e+02 8.09614503e-14 2.46924112e-13 1.20000000e-01 nan 1.00000000e+00
1.19039155e+03 4.76156621e+02 6.19717247e-14 2.09515710e-13 1.20000000e-01 nan 1.00000000e+00
1.34915244e+03 5.39660975e+02 4.54267957e-14 1.72902396e-13 1.20000000e-01 nan 1.00000000e+00
1.52908704e+03 6.11634817e+02 3.31722510e-14 1.40619658e-13 1.20000000e-01 nan 1.00000000e+00
1.73301928e+03 6.93207712e+02 2.43780072e-14 1.17463350e-13 1.20000000e-01 nan 1.00000000e+00
1.96414968e+03 7.85659872e+02 1.79611149e-14 9.62620152e-14 1.20000000e-01 nan 1.00000000e+00
2.22610562e+03 8.90442249e+02 1.32285590e-14 8.09905877e-14 1.20000000e-01 nan 1.00000000e+00
2.52299827e+03 1.00919931e+03 9.75846865e-15 6.76510772e-14 1.20000000e-01 nan 1.00000000e+00
2.85948708e+03 1.14379483e+03 7.16818186e-15 5.49647883e-14 1.20000000e-01 nan 1.00000000e+00
3.24085294e+03 1.29634118e+03 5.26612920e-15 4.57402886e-14 1.20000000e-01 nan 1.00000000e+00
3.67308105e+03 1.46923242e+03 3.85898522e-15 3.85075757e-14 1.20000000e-01 nan 1.00000000e+00
4.16295482e+03 1.66518193e+03 2.82249199e-15 3.18860866e-14 1.20000000e-01 nan 1.00000000e+00
4.71816238e+03 1.88726495e+03 2.06160083e-15 2.64083679e-14 1.20000000e-01 nan 1.00000000e+00
5.34741721e+03 2.13896688e+03 1.50441183e-15 2.18658241e-14 1.20000000e-01 nan 1.00000000e+00
6.06059489e+03 2.42423796e+03 1.09748823e-15 1.82980309e-14 1.20000000e-01 nan 1.00000000e+00
6.86888810e+03 2.74755524e+03 8.00692911e-16 1.52977851e-14 1.20000000e-01 nan 1.00000000e+00
7.78498227e+03 3.11399291e+03 5.85220630e-16 1.24122631e-14 1.20000000e-01 nan 1.00000000e+00
8.82325465e+03 3.52930186e+03 4.28417282e-16 1.04469978e-14 1.20000000e-01 nan 1.00000000e+00
1.00000000e+04 4.00000000e+03 3.14055258e-16 8.67731477e-15 1.20000000e-01 nan 1.00000000e+00
