# lam=1.00e-01  r=2.5  mX_therm=9.717520e+01  eps_therm=1.644784e-07  GoH_thresh=0.05  mX_join_max=9.395216e+01
# mX [GeV]    mY [GeV]    epsX_relic    epsX_bbn    Och2    GoH_handoff   regime  (0=joint, 1=secluded)
9.71752005e+01 3.88700802e+01 1.00000000e-01 nan 1.20000000e-01 nan 0.00000000e+00
9.71752005e+01 3.88700802e+01 1.64478379e-06 nan 1.20031392e-01 9.56319801e+04 0.00000000e+00
9.71752005e+01 3.88700802e+01 1.35761142e-06 nan 1.20046939e-01 6.51533096e+04 0.00000000e+00
9.71752005e+01 3.88700802e+01 1.12057815e-06 nan 1.20040849e-01 4.43884331e+04 0.00000000e+00
9.71752005e+01 3.88700802e+01 9.24929895e-07 nan 1.20027677e-01 3.02414874e+04 0.00000000e+00
9.71752005e+01 3.88700802e+01 7.63441007e-07 nan 1.20021187e-01 2.06032856e+04 0.00000000e+00
9.71752005e+01 3.88700802e+01 6.30147402e-07 nan 1.20025331e-01 1.40368550e+04 0.00000000e+00
6.86291536e+01 2.74516614e+01 4.29314427e-07 6.21777117e-11 1.19843487e-01 1.29076007e+01 0.00000000e+00
6.69056543e+01 2.67622617e+01 3.54357925e-07 6.35187906e-11 1.20126930e-01 1.12777922e+01 0.00000000e+00
6.62193730e+01 2.64877492e+01 3.28956758e-07 6.35187906e-11 1.20198851e-01 1.04917265e+01 0.00000000e+00
6.53216093e+01 2.61286437e+01 2.93711391e-07 6.35187906e-11 1.20141054e-01 9.07865001e+00 0.00000000e+00
6.52907435e+01 2.61162974e+01 2.92488515e-07 6.35187906e-11 1.20131431e-01 9.02467929e+00 0.00000000e+00
6.45264405e+01 2.58105762e+01 2.58466024e-07 6.35187906e-11 1.20058164e-01 7.45923663e+00 0.00000000e+00
6.41533531e+01 2.56613412e+01 2.41421244e-07 6.35187906e-11 1.20051642e-01 6.70584544e+00 0.00000000e+00
6.37377714e+01 2.54951086e+01 2.23220657e-07 6.48887946e-11 1.20008140e-01 5.95180678e+00 0.00000000e+00
6.31400020e+01 2.52560008e+01 1.99270105e-07 6.48887946e-11 1.20043652e-01 5.04165651e+00 0.00000000e+00
6.28389704e+01 2.51355882e+01 1.87975290e-07 6.48887946e-11 1.20039674e-01 4.64003406e+00 0.00000000e+00
6.21799070e+01 2.48719628e+01 1.64478379e-07 6.56543675e-11 1.20064038e-01 3.84991722e+00 0.00000000e+00
6.18389751e+01 2.47355901e+01 1.52729923e-07 6.56543675e-11 1.20087467e-01 3.47432273e+00 0.00000000e+00
6.08080060e+01 2.43232024e+01 1.17484556e-07 6.56543675e-11 1.20074314e-01 2.40278860e+00 0.00000000e+00
6.06606630e+01 2.42642652e+01 1.12057815e-07 6.56543675e-11 1.20102541e-01 2.24377449e+00 0.00000000e+00
5.99826606e+01 2.39930642e+01 8.22391894e-08 6.56543675e-11 1.20023341e-01 1.40403684e+00 0.00000000e+00
5.97571149e+01 2.39028459e+01 7.63441007e-08 6.68748624e-11 1.19410822e-01 1.24967197e+00 0.00000000e+00
5.70961336e+01 2.28384534e+01 5.20126303e-08 6.81180461e-11 1.20187415e-01 1.02950933e+00 0.00000000e+00
5.48680790e+01 2.19472316e+01 3.54357925e-08 6.89200447e-11 1.19958696e-01 1.03761982e+00 0.00000000e+00
5.51896895e+01 2.20758758e+01 2.41421244e-08 6.89200447e-11 1.20010917e-01 1.05035543e+00 0.00000000e+00
5.62675601e+01 2.25070240e+01 1.64478379e-08 6.81180461e-11 1.20050859e-01 1.06990190e+00 0.00000000e+00
5.78718270e+01 2.31487308e+01 1.12057815e-08 6.68748624e-11 1.20079497e-01 1.09761020e+00 0.00000000e+00
5.99645788e+01 2.39858315e+01 7.63441007e-09 6.56543675e-11 1.20207203e-01 1.13779601e+00 0.00000000e+00
6.29182051e+01 2.51672820e+01 5.20126303e-09 6.48887946e-11 1.20539123e-01 1.18116524e+00 0.00000000e+00
6.91441654e+01 2.76576662e+01 3.54357925e-09 6.21777117e-11 1.20005526e-01 6.12445491e-01 0.00000000e+00
7.93128813e+01 3.17251525e+01 2.41421244e-09 5.88822987e-11 1.20313552e-01 2.42673732e-01 0.00000000e+00
9.39521569e+01 3.75808628e+01 1.64478379e-09 5.45253350e-11 1.20127871e-01 8.51379808e-02 0.00000000e+00
9.95892863e+01 3.98357145e+01 1.47676347e-09 5.38845269e-11 1.20000000e-01 nan 1.00000000e+00
1.01872747e+02 4.07490986e+01 1.41360253e-09 5.27784763e-11 1.20000000e-01 nan 1.00000000e+00
1.04208564e+02 4.16834255e+01 1.35408246e-09 5.27784763e-11 1.20000000e-01 nan 1.00000000e+00
1.06597939e+02 4.26391754e+01 1.29918715e-09 5.16951288e-11 1.20000000e-01 nan 1.00000000e+00
1.09042099e+02 4.36168394e+01 1.24673832e-09 5.16951288e-11 1.20000000e-01 nan 1.00000000e+00
1.11542300e+02 4.46169201e+01 1.19817620e-09 5.10862205e-11 1.20000000e-01 nan 1.00000000e+00
1.14099829e+02 4.56399314e+01 1.15156702e-09 4.98902724e-11 1.20000000e-01 nan 1.00000000e+00
1.16715998e+02 4.66863991e+01 1.10820567e-09 4.98902724e-11 1.20000000e-01 nan 1.00000000e+00
1.19392153e+02 4.77568610e+01 1.06699881e-09 4.98902724e-11 1.20000000e-01 nan 1.00000000e+00
1.22129668e+02 4.88518673e+01 1.02771924e-09 4.87223219e-11 1.20000000e-01 nan 1.00000000e+00
1.24929952e+02 4.99719808e+01 9.90664660e-10 4.87223219e-11 1.20000000e-01 nan 1.00000000e+00
1.27794443e+02 5.11177771e+01 9.55238001e-10 4.78655761e-11 1.20000000e-01 nan 1.00000000e+00
1.30724613e+02 5.22898451e+01 9.21713424e-10 4.78655761e-11 1.20000000e-01 nan 1.00000000e+00
1.33721968e+02 5.34887871e+01 8.89931316e-10 4.70238956e-11 1.20000000e-01 nan 1.00000000e+00
1.36788049e+02 5.47152195e+01 8.59173373e-10 4.70238956e-11 1.20000000e-01 nan 1.00000000e+00
1.39924431e+02 5.59697724e+01 8.29986400e-10 4.64678074e-11 1.20000000e-01 nan 1.00000000e+00
1.43132727e+02 5.72530907e+01 8.02219138e-10 4.59180220e-11 1.20000000e-01 nan 1.00000000e+00
1.46414585e+02 5.85658339e+01 7.75558279e-10 4.59180220e-11 1.20000000e-01 nan 1.00000000e+00
1.49771692e+02 5.99086767e+01 7.49918915e-10 4.53439192e-11 1.20000000e-01 nan 1.00000000e+00
1.53205773e+02 6.12823092e+01 7.25499570e-10 4.47769943e-11 1.20000000e-01 nan 1.00000000e+00
1.56718594e+02 6.26874375e+01 7.01688294e-10 4.41882335e-11 1.20000000e-01 nan 1.00000000e+00
1.60311959e+02 6.41247836e+01 6.78955669e-10 4.41882335e-11 1.20000000e-01 nan 1.00000000e+00
1.63987716e+02 6.55950863e+01 6.57273780e-10 4.36643202e-11 1.20000000e-01 nan 1.00000000e+00
1.67747753e+02 6.70991013e+01 6.36882996e-10 4.28345197e-11 1.20000000e-01 nan 1.00000000e+00
1.71594004e+02 6.86376014e+01 6.16764428e-10 4.28345197e-11 1.20000000e-01 nan 1.00000000e+00
1.75528444e+02 7.02113775e+01 5.97365756e-10 4.20204888e-11 1.20000000e-01 nan 1.00000000e+00
1.79553096e+02 7.18212384e+01 5.78658339e-10 4.20204888e-11 1.20000000e-01 nan 1.00000000e+00
1.83670028e+02 7.34680114e+01 5.60622772e-10 4.15212324e-11 1.20000000e-01 nan 1.00000000e+00
1.87881357e+02 7.51525428e+01 5.43213194e-10 4.06111400e-11 1.20000000e-01 nan 1.00000000e+00
1.92189246e+02 7.68756985e+01 5.26420016e-10 4.06111400e-11 1.20000000e-01 nan 1.00000000e+00
1.96595910e+02 7.86383641e+01 5.10208089e-10 3.97209957e-11 1.20000000e-01 nan 1.00000000e+00
2.01103614e+02 8.04414454e+01 4.94557944e-10 3.97209957e-11 1.20000000e-01 nan 1.00000000e+00
2.05714673e+02 8.22858692e+01 4.79447863e-10 3.90841013e-11 1.20000000e-01 nan 1.00000000e+00
2.10431458e+02 8.41725833e+01 4.64736399e-10 3.90841013e-11 1.20000000e-01 nan 1.00000000e+00
2.15256394e+02 8.61025575e+01 4.50651527e-10 3.84574190e-11 1.20000000e-01 nan 1.00000000e+00
2.20191959e+02 8.80767837e+01 4.36836192e-10 3.79988120e-11 1.20000000e-01 nan 1.00000000e+00
2.25240691e+02 9.00962764e+01 4.23503160e-10 3.75454486e-11 1.20000000e-01 nan 1.00000000e+00
2.30405184e+02 9.21620736e+01 4.10532989e-10 3.75454486e-11 1.20000000e-01 nan 1.00000000e+00
2.35688092e+02 9.42752370e+01 3.97933418e-10 3.70972715e-11 1.20000000e-01 nan 1.00000000e+00
2.41092132e+02 9.64368526e+01 3.85530129e-10 3.66199518e-11 1.20000000e-01 nan 1.00000000e+00
2.46620079e+02 9.86480315e+01 3.73360727e-10 3.61487735e-11 1.20000000e-01 nan 1.00000000e+00
2.50200000e+02 1.00080000e+02 3.65761138e-10 3.56510021e-11 1.20000000e-01 nan 1.00000000e+00
2.52274775e+02 1.00909910e+02 3.61360436e-10 3.56510021e-11 1.20000000e-01 nan 1.00000000e+00
2.54513793e+02 1.01805517e+02 3.56713079e-10 3.52245265e-11 1.20000000e-01 nan 1.00000000e+00
2.58059126e+02 1.03223651e+02 3.49553828e-10 3.52245265e-11 1.20000000e-01 nan 1.00000000e+00
2.58827586e+02 1.03531034e+02 3.47989488e-10 3.52245265e-11 1.20000000e-01 nan 1.00000000e+00
2.63141379e+02 1.05256552e+02 3.39189184e-10 3.45315184e-11 1.20000000e-01 nan 1.00000000e+00
2.63976106e+02 1.05590442e+02 3.37506515e-10 3.45315184e-11 1.20000000e-01 nan 1.00000000e+00
2.67455172e+02 1.06982069e+02 3.30547085e-10 3.38521445e-11 1.20000000e-01 nan 1.00000000e+00
2.70028755e+02 1.08011502e+02 3.25358018e-10 3.38521445e-11 1.20000000e-01 nan 1.00000000e+00
2.71768966e+02 1.08707586e+02 3.21900732e-10 3.38521445e-11 1.20000000e-01 nan 1.00000000e+00
2.76082759e+02 1.10433103e+02 3.13278150e-10 3.34463215e-11 1.20000000e-01 nan 1.00000000e+00
2.76220183e+02 1.10488073e+02 3.12984651e-10 3.34463215e-11 1.20000000e-01 nan 1.00000000e+00
2.80396552e+02 1.12158621e+02 3.04612131e-10 3.26900089e-11 1.20000000e-01 nan 1.00000000e+00
2.82553573e+02 1.13021429e+02 3.00325127e-10 3.26900089e-11 1.20000000e-01 nan 1.00000000e+00
2.84710345e+02 1.13884138e+02 2.95952000e-10 3.19507985e-11 1.20000000e-01 nan 1.00000000e+00
2.89024138e+02 1.15609655e+02 2.87150311e-10 3.19507985e-11 1.20000000e-01 nan 1.00000000e+00
2.89032180e+02 1.15612872e+02 2.87143926e-10 3.19507985e-11 1.20000000e-01 nan 1.00000000e+00
2.93337931e+02 1.17335172e+02 2.78244398e-10 3.08939021e-11 1.20000000e-01 nan 1.00000000e+00
2.95659334e+02 1.18263734e+02 2.73434491e-10 3.08939021e-11 1.20000000e-01 nan 1.00000000e+00
2.97651724e+02 1.19060690e+02 2.69232674e-10 3.05221466e-11 1.20000000e-01 nan 1.00000000e+00
3.01965517e+02 1.20786207e+02 2.60090218e-10 2.97894258e-11 1.20000000e-01 nan 1.00000000e+00
3.02438440e+02 1.20975376e+02 2.59063199e-10 2.97894258e-11 1.20000000e-01 nan 1.00000000e+00
3.06279310e+02 1.22511724e+02 2.50814918e-10 2.90706795e-11 1.20000000e-01 nan 1.00000000e+00
3.09372983e+02 1.23749193e+02 2.44011770e-10 2.87199894e-11 1.20000000e-01 nan 1.00000000e+00
3.10593103e+02 1.24237241e+02 2.41342353e-10 2.81993946e-11 1.20000000e-01 nan 1.00000000e+00
3.14906897e+02 1.25962759e+02 2.31815504e-10 2.76882363e-11 1.20000000e-01 nan 1.00000000e+00
3.16466527e+02 1.26586611e+02 2.28331535e-10 2.73535564e-11 1.20000000e-01 nan 1.00000000e+00
3.19220690e+02 1.27688276e+02 2.22155249e-10 2.67765258e-11 1.20000000e-01 nan 1.00000000e+00
3.23534483e+02 1.29413793e+02 2.12458654e-10 2.58157705e-11 1.20000000e-01 nan 1.00000000e+00
3.23722716e+02 1.29489086e+02 2.12024895e-10 2.58157705e-11 1.20000000e-01 nan 1.00000000e+00
3.27848276e+02 1.31139310e+02 2.02656604e-10 2.48126328e-11 1.20000000e-01 nan 1.00000000e+00
3.31145281e+02 1.32458113e+02 1.95156060e-10 2.42136111e-11 1.20000000e-01 nan 1.00000000e+00
3.32162069e+02 1.32864828e+02 1.92855874e-10 2.38976568e-11 1.20000000e-01 nan 1.00000000e+00
3.36475862e+02 1.34590345e+02 1.83033858e-10 2.29743160e-11 1.20000000e-01 nan 1.00000000e+00
3.38738037e+02 1.35495215e+02 1.77875241e-10 2.25164281e-11 1.20000000e-01 nan 1.00000000e+00
3.40789655e+02 1.36315862e+02 1.73224031e-10 2.20676661e-11 1.20000000e-01 nan 1.00000000e+00
3.45103448e+02 1.38041379e+02 1.63531327e-10 2.08106405e-11 1.20000000e-01 nan 1.00000000e+00
3.46504885e+02 1.38601954e+02 1.60386681e-10 2.04593026e-11 1.20000000e-01 nan 1.00000000e+00
3.49417241e+02 1.39766897e+02 1.53875564e-10 1.98675940e-11 1.20000000e-01 nan 1.00000000e+00
3.53731034e+02 1.41492414e+02 1.44369916e-10 1.89098833e-11 1.20000000e-01 nan 1.00000000e+00
3.54449817e+02 1.41779927e+02 1.42781498e-10 1.86777479e-11 1.20000000e-01 nan 1.00000000e+00
3.58044828e+02 1.43217931e+02 1.34919803e-10 1.77769539e-11 1.20000000e-01 nan 1.00000000e+00
3.62358621e+02 1.44943448e+02 1.25671463e-10 1.67648984e-11 1.20000000e-01 nan 1.00000000e+00
3.62576917e+02 1.45030767e+02 1.25225022e-10 1.67648984e-11 1.20000000e-01 nan 1.00000000e+00
3.66672414e+02 1.46668966e+02 1.16533481e-10 1.57033069e-11 1.20000000e-01 nan 1.00000000e+00
3.69743400e+02 1.47897360e+02 1.10075283e-10 1.48264944e-11 1.20000000e-01 nan 1.00000000e+00
3.70890362e+02 1.48356145e+02 1.07677401e-10 1.45439989e-11 1.20000000e-01 nan 1.00000000e+00
3.70986207e+02 1.48394483e+02 1.07510589e-10 1.45439989e-11 1.20000000e-01 nan 1.00000000e+00
3.75300000e+02 1.50120000e+02 9.85481669e-11 1.35166631e-11 1.20000000e-01 nan 1.00000000e+00
3.79216639e+02 1.51686656e+02 9.04237757e-11 1.23663754e-11 1.20000000e-01 nan 1.00000000e+00
3.79394423e+02 1.51757769e+02 9.00802108e-11 1.23663754e-11 1.20000000e-01 nan 1.00000000e+00
3.88093472e+02 1.55237389e+02 7.17204050e-11 1.01858846e-11 1.20000000e-01 nan 1.00000000e+00
3.88689879e+02 1.55475951e+02 7.04114315e-11 9.92336978e-12 1.20000000e-01 nan 1.00000000e+00
3.96991980e+02 1.58796792e+02 5.08470087e-11 7.33020798e-12 1.20000000e-01 nan 1.00000000e+00
3.98163118e+02 1.59265247e+02 4.78027014e-11 6.90484261e-12 1.20000000e-01 nan 1.00000000e+00
4.06094520e+02 1.62437808e+02 3.04046857e-11 4.48139022e-12 1.20000000e-01 nan 1.00000000e+00
4.07636357e+02 1.63054543e+02 2.85111185e-11 4.19699180e-12 1.20000000e-01 nan 1.00000000e+00
4.15405769e+02 1.66162308e+02 2.27551623e-11 3.35680565e-12 1.20000000e-01 nan 1.00000000e+00
4.17109596e+02 1.66843839e+02 2.19549444e-11 3.27453977e-12 1.20000000e-01 nan 1.00000000e+00
4.19462960e+02 1.67785184e+02 2.09823275e-11 3.15756003e-12 1.20000000e-01 nan 1.00000000e+00
4.24930515e+02 1.69972206e+02 1.91887511e-11 2.94094992e-12 1.20000000e-01 nan 1.00000000e+00
4.26582836e+02 1.70633134e+02 1.87308182e-11 2.85936408e-12 1.20000000e-01 nan 1.00000000e+00
4.30210070e+02 1.72084028e+02 1.78244225e-11 2.71384964e-12 1.20000000e-01 nan 1.00000000e+00
4.34673651e+02 1.73869460e+02 1.68496058e-11 2.59551278e-12 1.20000000e-01 nan 1.00000000e+00
4.36056075e+02 1.74422430e+02 1.65729709e-11 2.54678241e-12 1.20000000e-01 nan 1.00000000e+00
4.40957180e+02 1.76382872e+02 1.56637821e-11 2.45762830e-12 1.20000000e-01 nan 1.00000000e+00
4.44640185e+02 1.77856074e+02 1.50284890e-11 2.36632476e-12 1.20000000e-01 nan 1.00000000e+00
4.45529314e+02 1.78211726e+02 1.48827270e-11 2.36632476e-12 1.20000000e-01 nan 1.00000000e+00
4.51704290e+02 1.80681716e+02 1.38642210e-11 2.21446525e-12 1.20000000e-01 nan 1.00000000e+00
4.54835239e+02 1.81934096e+02 1.33323866e-11 2.12517384e-12 1.20000000e-01 nan 1.00000000e+00
4.55002554e+02 1.82001021e+02 1.33016970e-11 2.12517384e-12 1.20000000e-01 nan 1.00000000e+00
4.62451400e+02 1.84980560e+02 1.20614379e-11 1.97793049e-12 1.20000000e-01 nan 1.00000000e+00
4.64475793e+02 1.85790317e+02 1.17715170e-11 1.92401229e-12 1.20000000e-01 nan 1.00000000e+00
4.65264054e+02 1.86105622e+02 1.16630111e-11 1.92401229e-12 1.20000000e-01 nan 1.00000000e+00
4.73198510e+02 1.89279404e+02 1.07392052e-11 1.75101685e-12 1.20000000e-01 nan 1.00000000e+00
4.73949032e+02 1.89579613e+02 1.06620507e-11 1.75101685e-12 1.20000000e-01 nan 1.00000000e+00
4.75931989e+02 1.90372795e+02 1.04627164e-11 1.75101685e-12 1.20000000e-01 nan 1.00000000e+00
4.83422271e+02 1.93368909e+02 9.79912905e-12 1.63845268e-12 1.20000000e-01 nan 1.00000000e+00
4.83945620e+02 1.93578248e+02 9.75708631e-12 1.63845268e-12 1.20000000e-01 nan 1.00000000e+00
4.86844526e+02 1.94737810e+02 9.52911257e-12 1.61636029e-12 1.20000000e-01 nan 1.00000000e+00
4.92895511e+02 1.97158204e+02 9.09019795e-12 1.54287066e-12 1.20000000e-01 nan 1.00000000e+00
4.94692730e+02 1.97877092e+02 8.96822831e-12 1.54287066e-12 1.20000000e-01 nan 1.00000000e+00
4.98007274e+02 1.99202910e+02 8.75178116e-12 1.51769032e-12 1.20000000e-01 nan 1.00000000e+00
5.02368750e+02 2.00947500e+02 8.47962031e-12 1.47272232e-12 1.20000000e-01 nan 1.00000000e+00
5.05439840e+02 2.02175936e+02 8.29997586e-12 1.45278708e-12 1.20000000e-01 nan 1.00000000e+00
5.09425971e+02 2.03770388e+02 8.07549321e-12 1.41697952e-12 1.20000000e-01 nan 1.00000000e+00
5.16186950e+02 2.06474780e+02 7.72239367e-12 1.38205452e-12 1.20000000e-01 nan 1.00000000e+00
5.21106484e+02 2.08442594e+02 7.47936754e-12 1.33287358e-12 1.20000000e-01 nan 1.00000000e+00
5.26934060e+02 2.10773624e+02 7.20951872e-12 1.31476575e-12 1.20000000e-01 nan 1.00000000e+00
5.33054817e+02 2.13221927e+02 6.94451804e-12 1.25936818e-12 1.20000000e-01 nan 1.00000000e+00
5.37681170e+02 2.15072468e+02 6.75248767e-12 1.24103640e-12 1.20000000e-01 nan 1.00000000e+00
5.45277111e+02 2.18110844e+02 6.45755439e-12 1.20630478e-12 1.20000000e-01 nan 1.00000000e+00
5.48428280e+02 2.19371312e+02 6.34032245e-12 1.18985708e-12 1.20000000e-01 nan 1.00000000e+00
5.57779647e+02 2.23111859e+02 6.01330959e-12 1.14373163e-12 1.20000000e-01 nan 1.00000000e+00
5.59175390e+02 2.23670156e+02 5.96719886e-12 1.14373163e-12 1.20000000e-01 nan 1.00000000e+00
5.69922500e+02 2.27969000e+02 5.62698502e-12 1.09372236e-12 1.20000000e-01 nan 1.00000000e+00
5.70568850e+02 2.28227540e+02 5.60729962e-12 1.07323662e-12 1.20000000e-01 nan 1.00000000e+00
5.75460000e+02 2.30184000e+02 5.46307264e-12 1.05854137e-12 1.20000000e-01 nan 1.00000000e+00
5.83651295e+02 2.33460518e+02 5.23378947e-12 1.03515389e-12 1.20000000e-01 nan 1.00000000e+00
5.90203929e+02 2.36081571e+02 5.06022148e-12 1.01228314e-12 1.20000000e-01 nan 1.00000000e+00
5.97033704e+02 2.38813482e+02 4.88937989e-12 9.81529189e-13 1.20000000e-01 nan 1.00000000e+00
6.04947857e+02 2.41979143e+02 4.70130948e-12 9.54742181e-13 1.20000000e-01 nan 1.00000000e+00
6.10722955e+02 2.44289182e+02 4.57047342e-12 9.32046411e-13 1.20000000e-01 nan 1.00000000e+00
6.19691786e+02 2.47876714e+02 4.37827763e-12 9.09890157e-13 1.20000000e-01 nan 1.00000000e+00
6.24726084e+02 2.49890434e+02 4.27559433e-12 8.94449596e-13 1.20000000e-01 nan 1.00000000e+00
6.34435714e+02 2.53774286e+02 3.84338198e-12 8.09838115e-13 1.20000000e-01 nan 1.00000000e+00
6.39050288e+02 2.55620115e+02 3.71806220e-12 7.87585182e-13 1.20000000e-01 nan 1.00000000e+00
6.49179643e+02 2.59671857e+02 3.48746857e-12 7.46097872e-13 1.20000000e-01 nan 1.00000000e+00
6.53702928e+02 2.61481171e+02 3.39733525e-12 7.26786501e-13 1.20000000e-01 nan 1.00000000e+00
6.63923571e+02 2.65569429e+02 3.21304674e-12 6.99374252e-13 1.20000000e-01 nan 1.00000000e+00
6.68691535e+02 2.67476614e+02 3.13448320e-12 6.89650339e-13 1.20000000e-01 nan 1.00000000e+00
6.78667500e+02 2.71467000e+02 2.98281165e-12 6.59026362e-13 1.20000000e-01 nan 1.00000000e+00
6.84023812e+02 2.73609525e+02 2.90718870e-12 6.48768731e-13 1.20000000e-01 nan 1.00000000e+00
6.93411429e+02 2.77364571e+02 2.78317450e-12 6.29762245e-13 1.20000000e-01 nan 1.00000000e+00
6.99707640e+02 2.79883056e+02 2.70517192e-12 6.20973629e-13 1.20000000e-01 nan 1.00000000e+00
7.08155357e+02 2.83262143e+02 2.60658246e-12 6.05972388e-13 1.20000000e-01 nan 1.00000000e+00
7.15751079e+02 2.86300431e+02 2.52312106e-12 5.91333542e-13 1.20000000e-01 nan 1.00000000e+00
7.22899286e+02 2.89159714e+02 2.44882614e-12 5.71105805e-13 1.20000000e-01 nan 1.00000000e+00
7.32162374e+02 2.92864950e+02 2.35785096e-12 5.63108224e-13 1.20000000e-01 nan 1.00000000e+00
7.37643214e+02 2.95057286e+02 2.30646475e-12 5.51452405e-13 1.20000000e-01 nan 1.00000000e+00
7.48949960e+02 2.99579984e+02 2.20654936e-12 5.25290323e-13 1.20000000e-01 nan 1.00000000e+00
7.52387143e+02 3.00954857e+02 2.17757062e-12 5.25290323e-13 1.20000000e-01 nan 1.00000000e+00
7.66122465e+02 3.06448986e+02 2.06758537e-12 5.10635005e-13 1.20000000e-01 nan 1.00000000e+00
7.67131071e+02 3.06852429e+02 2.05989868e-12 5.10635005e-13 1.20000000e-01 nan 1.00000000e+00
7.81875000e+02 3.12750000e+02 1.95204762e-12 4.90865629e-13 1.20000000e-01 nan 1.00000000e+00
7.83688714e+02 3.13475486e+02 1.93909826e-12 4.78590069e-13 1.20000000e-01 nan 1.00000000e+00
7.94374000e+02 3.17749600e+02 1.86765117e-12 4.69948481e-13 1.20000000e-01 nan 1.00000000e+00
8.01657736e+02 3.20663094e+02 1.82087411e-12 4.61462928e-13 1.20000000e-01 nan 1.00000000e+00
8.14726750e+02 3.25890700e+02 1.74156232e-12 4.45158954e-13 1.20000000e-01 nan 1.00000000e+00
8.20038765e+02 3.28015506e+02 1.71104547e-12 4.45158954e-13 1.20000000e-01 nan 1.00000000e+00
8.35079500e+02 3.34031800e+02 1.62881199e-12 4.29248413e-13 1.20000000e-01 nan 1.00000000e+00
8.38841249e+02 3.35536500e+02 1.60921132e-12 4.29248413e-13 1.20000000e-01 nan 1.00000000e+00
8.55432250e+02 3.42172900e+02 1.52825353e-12 4.11121355e-13 1.20000000e-01 nan 1.00000000e+00
8.58074851e+02 3.43229940e+02 1.51593409e-12 4.11121355e-13 1.20000000e-01 nan 1.00000000e+00
8.75785000e+02 3.50314000e+02 1.43172884e-12 3.92221510e-13 1.20000000e-01 nan 1.00000000e+00
8.77749456e+02 3.51099782e+02 1.42166236e-12 3.92221510e-13 1.20000000e-01 nan 1.00000000e+00
8.96137750e+02 3.58455100e+02 1.32953849e-12 3.74190518e-13 1.20000000e-01 nan 1.00000000e+00
8.97875175e+02 3.59150070e+02 1.32135621e-12 3.66802204e-13 1.20000000e-01 nan 1.00000000e+00
9.16490500e+02 3.66596200e+02 1.23714407e-12 3.50493677e-13 1.20000000e-01 nan 1.00000000e+00
9.18462353e+02 3.67384941e+02 1.22873202e-12 3.50493677e-13 1.20000000e-01 nan 1.00000000e+00
9.36843250e+02 3.74737300e+02 1.15443094e-12 3.35721001e-13 1.20000000e-01 nan 1.00000000e+00
9.39521569e+02 3.75808628e+02 1.14427118e-12 3.30931706e-13 1.20000000e-01 nan 1.00000000e+00
9.40461090e+02 3.76184436e+02 1.14065047e-12 3.30931706e-13 1.20000000e-01 nan 1.00000000e+00
9.57196000e+02 3.82878400e+02 1.08034915e-12 3.13055790e-13 1.20000000e-01 nan 1.00000000e+00
9.77548750e+02 3.91019500e+02 1.01397061e-12 3.04785801e-13 1.20000000e-01 nan 1.00000000e+00
9.97901500e+02 3.99160600e+02 9.54308520e-13 2.93096303e-13 1.20000000e-01 nan 1.00000000e+00
1.01825425e+03 4.07301700e+02 9.00376706e-13 2.75824687e-13 1.20000000e-01 nan 1.00000000e+00
1.02033521e+03 4.08134083e+02 8.95088743e-13 2.75824687e-13 1.20000000e-01 nan 1.00000000e+00
1.03860700e+03 4.15442800e+02 8.51311691e-13 2.67186981e-13 1.20000000e-01 nan 1.00000000e+00
1.05895975e+03 4.23583900e+02 8.06613338e-13 2.59556956e-13 1.20000000e-01 nan 1.00000000e+00
1.07931250e+03 4.31725000e+02 7.65551176e-13 2.46924112e-13 1.20000000e-01 nan 1.00000000e+00
1.10699310e+03 4.42797239e+02 7.15103342e-13 2.38346556e-13 1.20000000e-01 nan 1.00000000e+00
1.20101091e+03 4.80404365e+02 5.78663844e-13 2.04169850e-13 1.20000000e-01 nan 1.00000000e+00
1.30301373e+03 5.21205494e+02 4.79067093e-13 1.80741896e-13 1.20000000e-01 nan 1.00000000e+00
1.41367974e+03 5.65471895e+02 3.92897074e-13 1.59718521e-13 1.20000000e-01 nan 1.00000000e+00
1.53374470e+03 6.13497878e+02 3.23618440e-13 1.40619658e-13 1.20000000e-01 nan 1.00000000e+00
1.66400687e+03 6.65602747e+02 2.67253849e-13 1.24726562e-13 1.20000000e-01 nan 1.00000000e+00
1.80533231e+03 7.22132923e+02 2.21203704e-13 1.10617279e-13 1.20000000e-01 nan 1.00000000e+00
1.95866063e+03 7.83464253e+02 1.83202044e-13 9.62620152e-14 1.20000000e-01 nan 1.00000000e+00
2.12501126e+03 8.50004503e+02 1.52158102e-13 8.52016541e-14 1.20000000e-01 nan 1.00000000e+00
2.30549017e+03 9.22196069e+02 1.26166102e-13 7.54292705e-14 1.20000000e-01 nan 1.00000000e+00
2.50129731e+03 1.00051892e+03 1.04671430e-13 6.76510772e-14 1.20000000e-01 nan 1.00000000e+00
2.71373450e+03 1.08549380e+03 8.68031193e-14 6.06688160e-14 1.20000000e-01 nan 1.00000000e+00
2.94421415e+03 1.17768566e+03 7.19832343e-14 5.39370903e-14 1.20000000e-01 nan 1.00000000e+00
3.19426863e+03 1.27770745e+03 5.96750548e-14 4.76038822e-14 1.20000000e-01 nan 1.00000000e+00
3.46556043e+03 1.38622417e+03 4.94463262e-14 4.16159550e-14 1.20000000e-01 nan 1.00000000e+00
3.75989327e+03 1.50395731e+03 4.09725243e-14 3.69609379e-14 1.20000000e-01 nan 1.00000000e+00
4.07922403e+03 1.63168961e+03 3.39137129e-14 3.27836568e-14 1.20000000e-01 nan 1.00000000e+00
4.42567581e+03 1.77027032e+03 2.80897082e-14 2.94855544e-14 1.20000000e-01 nan 1.00000000e+00
4.80155201e+03 1.92062080e+03 2.32606813e-14 2.59985446e-14 1.20000000e-01 nan 1.00000000e+00
5.20935169e+03 2.08374067e+03 1.92272970e-14 2.31241304e-14 1.20000000e-01 nan 1.00000000e+00
5.65178611e+03 2.26071445e+03 1.59056025e-14 2.04646101e-14 1.20000000e-01 nan 1.00000000e+00
6.13179686e+03 2.45271874e+03 1.31360636e-14 1.79344877e-14 1.20000000e-01 nan 1.00000000e+00
6.65257529e+03 2.66103012e+03 1.08632503e-14 1.59550096e-14 1.20000000e-01 nan 1.00000000e+00
7.21758387e+03 2.88703355e+03 8.96472955e-15 1.41922257e-14 1.20000000e-01 nan 1.00000000e+00
7.83057907e+03 3.13223163e+03 7.40598676e-15 1.24122631e-14 1.20000000e-01 nan 1.00000000e+00
8.49563645e+03 3.39825458e+03 6.10906373e-15 1.11412150e-14 1.20000000e-01 nan 1.00000000e+00
9.21717769e+03 3.68687107e+03 5.05005578e-15 9.84714963e-15 1.20000000e-01 nan 1.00000000e+00
1.00000000e+04 4.00000000e+03 4.15653374e-15 8.67731477e-15 1.20000000e-01 nan 1.00000000e+00
