# lam=5.00e-02  r=2.5  mX_therm=2.161913e+01  eps_therm=1.925962e-07  GoH_thresh=0.05  mX_join_max=2.664294e+01
# mX [GeV]    mY [GeV]    epsX_relic    epsX_bbn    Och2    GoH_handoff   regime  (0=joint, 1=secluded)
2.41323834e+01 9.65295334e+00 1.00000000e-01 nan 1.20000000e-01 nan 0.00000000e+00
2.41323834e+01 9.65295334e+00 1.99920184e-06 nan 1.20041625e-01 1.45476112e+05 0.00000000e+00
2.41323834e+01 9.65295334e+00 1.65014956e-06 nan 1.20034694e-01 9.91117211e+04 0.00000000e+00
2.41323834e+01 9.65295334e+00 1.36204036e-06 nan 1.20035061e-01 6.75240296e+04 0.00000000e+00
2.41323834e+01 9.65295334e+00 1.12423381e-06 nan 1.20033294e-01 4.60035858e+04 0.00000000e+00
2.41323834e+01 9.65295334e+00 9.27947293e-07 nan 1.20035664e-01 3.13418782e+04 0.00000000e+00
1.75622179e+01 7.02488714e+00 6.32203131e-07 3.00550842e-10 1.20002032e-01 1.27457334e+01 0.00000000e+00
1.72899901e+01 6.91599605e+00 5.21823110e-07 3.03863818e-10 1.20162862e-01 1.05901664e+01 0.00000000e+00
1.70260270e+01 6.81041081e+00 4.30714979e-07 2.94197025e-10 1.19853932e-01 7.91033486e+00 0.00000000e+00
1.70017041e+01 6.80068163e+00 3.99840368e-07 2.87977532e-10 1.19878191e-01 6.79307765e+00 0.00000000e+00
1.70299392e+01 6.81197568e+00 3.57000328e-07 2.84830111e-10 1.20110051e-01 5.32212303e+00 0.00000000e+00
1.70303770e+01 6.81215082e+00 3.55513947e-07 2.84830111e-10 1.20116876e-01 5.27482278e+00 0.00000000e+00
1.70497526e+01 6.81990103e+00 3.14160289e-07 2.78047428e-10 1.19901124e-01 4.08064200e+00 0.00000000e+00
1.70786572e+01 6.83146287e+00 2.93442699e-07 2.78047428e-10 1.20076112e-01 3.55686207e+00 0.00000000e+00
1.70950160e+01 6.83800640e+00 2.71320250e-07 2.74432184e-10 1.20005614e-01 3.05274984e+00 0.00000000e+00
1.71303818e+01 6.85215271e+00 2.42208832e-07 2.71426263e-10 1.19993485e-01 2.45497620e+00 0.00000000e+00
1.71550233e+01 6.86200933e+00 2.28480210e-07 2.71426263e-10 1.19991196e-01 2.19787294e+00 0.00000000e+00
1.72056819e+01 6.88227278e+00 1.99920184e-07 2.66429109e-10 1.19999179e-01 1.71105892e+00 0.00000000e+00
1.72399256e+01 6.89597024e+00 1.85640171e-07 2.66429109e-10 1.19999801e-01 1.49143190e+00 0.00000000e+00
1.71443759e+01 6.85775037e+00 1.42800131e-07 2.81418336e-10 1.19941730e-01 1.02099094e+00 0.00000000e+00
1.70308199e+01 6.81232796e+00 1.36204036e-07 2.84830111e-10 1.19858712e-01 1.02143633e+00 0.00000000e+00
1.65073827e+01 6.60295308e+00 9.99600919e-08 3.12908231e-10 1.20134860e-01 1.02521779e+00 0.00000000e+00
1.64188910e+01 6.56755639e+00 9.27947293e-08 3.20626471e-10 1.20113761e-01 1.02628347e+00 0.00000000e+00
1.65057375e+01 6.60229499e+00 6.32203131e-08 3.24150261e-10 1.20088853e-01 1.03387806e+00 0.00000000e+00
1.67165279e+01 6.68661114e+00 4.30714979e-08 3.20626471e-10 1.19908070e-01 1.04318778e+00 0.00000000e+00
1.70198986e+01 6.80795944e+00 2.93442699e-08 3.17139254e-10 1.20011064e-01 1.06215360e+00 0.00000000e+00
1.74641118e+01 6.98564471e+00 1.99920184e-08 3.12908231e-10 1.20019784e-01 1.07461919e+00 0.00000000e+00
1.82296296e+01 7.29185185e+00 1.36204036e-08 3.03863818e-10 1.19995471e-01 1.10498633e+00 0.00000000e+00
1.95121518e+01 7.80486070e+00 9.27947293e-09 2.87977532e-10 1.20044734e-01 5.17394038e-01 0.00000000e+00
2.12455106e+01 8.49820423e+00 6.32203131e-09 2.74432184e-10 1.19986000e-01 2.36769983e-01 0.00000000e+00
2.36870092e+01 9.47480367e+00 4.30714979e-09 2.55812521e-10 1.19966587e-01 1.07754345e-01 0.00000000e+00
2.50667351e+01 1.00266940e+01 2.93442699e-09 2.13360706e-10 1.20532364e-01 7.70835782e-02 0.00000000e+00
2.64818371e+01 1.05927348e+01 1.99920184e-09 1.63302404e-10 1.20067024e-01 5.56483633e-02 0.00000000e+00
2.82415153e+01 1.12966061e+01 1.45732778e-09 1.32490341e-10 1.20000000e-01 nan 1.00000000e+00
2.88890586e+01 1.15556235e+01 1.32595377e-09 1.24709312e-10 1.20000000e-01 nan 1.00000000e+00
2.95514493e+01 1.18205797e+01 1.21688479e-09 1.19339224e-10 1.20000000e-01 nan 1.00000000e+00
3.02290279e+01 1.20916111e+01 1.12302627e-09 1.15184109e-10 1.20000000e-01 nan 1.00000000e+00
3.09221424e+01 1.23688570e+01 1.04136385e-09 1.09868125e-10 1.20000000e-01 nan 1.00000000e+00
3.16311493e+01 1.26524597e+01 9.71064179e-10 1.05928354e-10 1.20000000e-01 nan 1.00000000e+00
3.23564127e+01 1.29425651e+01 9.08673033e-10 1.03308200e-10 1.20000000e-01 nan 1.00000000e+00
3.30983056e+01 1.32393223e+01 8.53212079e-10 9.93993948e-11 1.20000000e-01 nan 1.00000000e+00
3.38572092e+01 1.35428837e+01 8.04172985e-10 9.61078562e-11 1.20000000e-01 nan 1.00000000e+00
3.46335135e+01 1.38534054e+01 7.59728018e-10 9.40021636e-11 1.20000000e-01 nan 1.00000000e+00
3.54276176e+01 1.41710470e+01 7.19427468e-10 9.24758507e-11 1.20000000e-01 nan 1.00000000e+00
3.62399294e+01 1.44959718e+01 6.82661981e-10 9.09743206e-11 1.20000000e-01 nan 1.00000000e+00
3.70708666e+01 1.48283466e+01 6.49342894e-10 8.88935405e-11 1.20000000e-01 nan 1.00000000e+00
3.79208561e+01 1.51683425e+01 6.18478737e-10 8.67459402e-11 1.20000000e-01 nan 1.00000000e+00
3.87903349e+01 1.55161340e+01 5.90069937e-10 8.56359641e-11 1.20000000e-01 nan 1.00000000e+00
3.96797497e+01 1.58718999e+01 5.64569267e-10 8.34584391e-11 1.20000000e-01 nan 1.00000000e+00
4.05895578e+01 1.62358231e+01 5.40085311e-10 8.18105948e-11 1.20000000e-01 nan 1.00000000e+00
4.15202266e+01 1.66080906e+01 5.17461719e-10 8.01952863e-11 1.20000000e-01 nan 1.00000000e+00
4.24722345e+01 1.69888938e+01 4.96296419e-10 8.01952863e-11 1.20000000e-01 nan 1.00000000e+00
4.34460708e+01 1.73784283e+01 4.76458559e-10 7.74784035e-11 1.20000000e-01 nan 1.00000000e+00
4.44422360e+01 1.77768944e+01 4.57875354e-10 7.74784035e-11 1.20000000e-01 nan 1.00000000e+00
4.54612420e+01 1.81844968e+01 4.40470773e-10 7.57291244e-11 1.20000000e-01 nan 1.00000000e+00
4.65036126e+01 1.86014450e+01 4.23936980e-10 7.57291244e-11 1.20000000e-01 nan 1.00000000e+00
4.75698834e+01 1.90279534e+01 4.08304491e-10 7.44526827e-11 1.20000000e-01 nan 1.00000000e+00
4.86606025e+01 1.94642410e+01 3.93602422e-10 7.31977558e-11 1.20000000e-01 nan 1.00000000e+00
4.97763305e+01 1.99105322e+01 3.79574558e-10 7.31977558e-11 1.20000000e-01 nan 1.00000000e+00
5.09176408e+01 2.03670563e+01 3.66295368e-10 7.15080042e-11 1.20000000e-01 nan 1.00000000e+00
5.20851199e+01 2.08340480e+01 3.53750400e-10 7.06450177e-11 1.20000000e-01 nan 1.00000000e+00
5.32793679e+01 2.13117471e+01 3.41698366e-10 7.06450177e-11 1.20000000e-01 nan 1.00000000e+00
5.45009985e+01 2.18003994e+01 3.30249945e-10 6.97924461e-11 1.20000000e-01 nan 1.00000000e+00
5.57506396e+01 2.23002558e+01 3.19273364e-10 6.89200447e-11 1.20000000e-01 nan 1.00000000e+00
5.70289334e+01 2.28115734e+01 3.08775803e-10 6.81180461e-11 1.20000000e-01 nan 1.00000000e+00
5.83365370e+01 2.33346148e+01 2.98713476e-10 6.68748624e-11 1.20000000e-01 nan 1.00000000e+00
5.96741223e+01 2.38696489e+01 2.89381199e-10 6.68748624e-11 1.20000000e-01 nan 1.00000000e+00
6.10423768e+01 2.44169507e+01 2.80127105e-10 6.56543675e-11 1.20000000e-01 nan 1.00000000e+00
6.24420037e+01 2.49768015e+01 2.71273134e-10 6.48887946e-11 1.20000000e-01 nan 1.00000000e+00
6.38737223e+01 2.55494889e+01 2.62747230e-10 6.48887946e-11 1.20000000e-01 nan 1.00000000e+00
6.53382685e+01 2.61353074e+01 2.54539421e-10 6.35187906e-11 1.20000000e-01 nan 1.00000000e+00
6.68363949e+01 2.67345580e+01 2.46687606e-10 6.35187906e-11 1.20000000e-01 nan 1.00000000e+00
6.83688715e+01 2.73475486e+01 2.39068330e-10 6.21777117e-11 1.20000000e-01 nan 1.00000000e+00
6.99364860e+01 2.79745944e+01 2.31790557e-10 6.21777117e-11 1.20000000e-01 nan 1.00000000e+00
7.15400439e+01 2.86160176e+01 2.24719699e-10 6.12242501e-11 1.20000000e-01 nan 1.00000000e+00
7.31803694e+01 2.92721478e+01 2.17927619e-10 6.12242501e-11 1.20000000e-01 nan 1.00000000e+00
7.48583056e+01 2.99433223e+01 2.11358472e-10 6.02854092e-11 1.20000000e-01 nan 1.00000000e+00
7.65747148e+01 3.06298859e+01 2.04996856e-10 5.95798991e-11 1.20000000e-01 nan 1.00000000e+00
7.83304792e+01 3.13321917e+01 1.98875347e-10 5.88822987e-11 1.20000000e-01 nan 1.00000000e+00
8.01265011e+01 3.20506004e+01 1.92956328e-10 5.88822987e-11 1.20000000e-01 nan 1.00000000e+00
8.19637036e+01 3.27854814e+01 1.87226388e-10 5.81925233e-11 1.20000000e-01 nan 1.00000000e+00
8.38430309e+01 3.35372123e+01 1.81675182e-10 5.75104893e-11 1.20000000e-01 nan 1.00000000e+00
8.57654488e+01 3.43061795e+01 1.76296103e-10 5.68361138e-11 1.20000000e-01 nan 1.00000000e+00
8.77319455e+01 3.50927782e+01 1.71132859e-10 5.60833955e-11 1.20000000e-01 nan 1.00000000e+00
8.97435315e+01 3.58974126e+01 1.66105658e-10 5.60833955e-11 1.20000000e-01 nan 1.00000000e+00
9.18012407e+01 3.67204963e+01 1.61190622e-10 5.53406460e-11 1.20000000e-01 nan 1.00000000e+00
9.39061306e+01 3.75624522e+01 1.56532346e-10 5.45253350e-11 1.20000000e-01 nan 1.00000000e+00
9.60592831e+01 3.84237132e+01 1.51946891e-10 5.45253350e-11 1.20000000e-01 nan 1.00000000e+00
9.82618048e+01 3.93047219e+01 1.47399083e-10 5.38845269e-11 1.20000000e-01 nan 1.00000000e+00
1.00514828e+02 4.02059310e+01 1.43084890e-10 5.27784763e-11 1.20000000e-01 nan 1.00000000e+00
1.02819509e+02 4.11278037e+01 1.39062467e-10 5.27784763e-11 1.20000000e-01 nan 1.00000000e+00
1.05177035e+02 4.20708139e+01 1.35034820e-10 5.16951288e-11 1.20000000e-01 nan 1.00000000e+00
1.07588615e+02 4.30354461e+01 1.31049656e-10 5.16951288e-11 1.20000000e-01 nan 1.00000000e+00
1.10055490e+02 4.40221961e+01 1.27265169e-10 5.16951288e-11 1.20000000e-01 nan 1.00000000e+00
1.12578928e+02 4.50315711e+01 1.23572765e-10 5.10862205e-11 1.20000000e-01 nan 1.00000000e+00
1.15160225e+02 4.60640899e+01 1.19980804e-10 4.98902724e-11 1.20000000e-01 nan 1.00000000e+00
1.17800708e+02 4.71202830e+01 1.16479723e-10 4.98902724e-11 1.20000000e-01 nan 1.00000000e+00
1.20501733e+02 4.82006934e+01 1.13112273e-10 4.87223219e-11 1.20000000e-01 nan 1.00000000e+00
1.23264690e+02 4.93058762e+01 1.09824915e-10 4.87223219e-11 1.20000000e-01 nan 1.00000000e+00
1.26090999e+02 5.04363995e+01 1.06638587e-10 4.87223219e-11 1.20000000e-01 nan 1.00000000e+00
1.28982111e+02 5.15928443e+01 1.03534654e-10 4.78655761e-11 1.20000000e-01 nan 1.00000000e+00
1.31939513e+02 5.27758050e+01 1.00509427e-10 4.78655761e-11 1.20000000e-01 nan 1.00000000e+00
1.34964724e+02 5.39858896e+01 9.75974967e-11 4.70238956e-11 1.20000000e-01 nan 1.00000000e+00
1.38059300e+02 5.52237199e+01 9.47950910e-11 4.70238956e-11 1.20000000e-01 nan 1.00000000e+00
1.41224830e+02 5.64899321e+01 9.20482168e-11 4.64678074e-11 1.20000000e-01 nan 1.00000000e+00
1.44462943e+02 5.77851770e+01 8.93529036e-11 4.59180220e-11 1.20000000e-01 nan 1.00000000e+00
1.47775301e+02 5.91101203e+01 8.67644286e-11 4.53439192e-11 1.20000000e-01 nan 1.00000000e+00
1.51163607e+02 6.04654429e+01 8.42122920e-11 4.47769943e-11 1.20000000e-01 nan 1.00000000e+00
1.54629604e+02 6.18518414e+01 8.17369376e-11 4.47769943e-11 1.20000000e-01 nan 1.00000000e+00
1.58175071e+02 6.32700284e+01 7.94404288e-11 4.41882335e-11 1.20000000e-01 nan 1.00000000e+00
1.61801831e+02 6.47207326e+01 7.70520504e-11 4.36643202e-11 1.20000000e-01 nan 1.00000000e+00
1.65511749e+02 6.62046997e+01 7.48162852e-11 4.28345197e-11 1.20000000e-01 nan 1.00000000e+00
1.69306731e+02 6.77226923e+01 7.26073204e-11 4.28345197e-11 1.20000000e-01 nan 1.00000000e+00
1.73188727e+02 6.92754906e+01 7.04859071e-11 4.20204888e-11 1.20000000e-01 nan 1.00000000e+00
1.77159732e+02 7.08638927e+01 6.84092800e-11 4.20204888e-11 1.20000000e-01 nan 1.00000000e+00
1.81221787e+02 7.24887150e+01 6.64158024e-11 4.15212324e-11 1.20000000e-01 nan 1.00000000e+00
1.85376981e+02 7.41507924e+01 6.44652590e-11 4.06111400e-11 1.20000000e-01 nan 1.00000000e+00
1.89627448e+02 7.58509792e+01 6.25622469e-11 4.06111400e-11 1.20000000e-01 nan 1.00000000e+00
1.93975373e+02 7.75901492e+01 6.07051505e-11 4.06111400e-11 1.20000000e-01 nan 1.00000000e+00
1.98422991e+02 7.93691962e+01 5.88948888e-11 3.97209957e-11 1.20000000e-01 nan 1.00000000e+00
2.02972587e+02 8.11890346e+01 5.71579501e-11 3.97209957e-11 1.20000000e-01 nan 1.00000000e+00
2.07626499e+02 8.30505997e+01 5.54641563e-11 3.90841013e-11 1.20000000e-01 nan 1.00000000e+00
2.12387120e+02 8.49548482e+01 5.38233438e-11 3.84574190e-11 1.20000000e-01 nan 1.00000000e+00
2.17256897e+02 8.69027587e+01 5.21958777e-11 3.84574190e-11 1.20000000e-01 nan 1.00000000e+00
2.22238331e+02 8.88953325e+01 5.06142724e-11 3.79988120e-11 1.20000000e-01 nan 1.00000000e+00
2.27333984e+02 9.09335935e+01 4.90789933e-11 3.75454486e-11 1.20000000e-01 nan 1.00000000e+00
2.32546473e+02 9.30185894e+01 4.75867582e-11 3.70972715e-11 1.20000000e-01 nan 1.00000000e+00
2.37878479e+02 9.51513917e+01 4.61388326e-11 3.66199518e-11 1.20000000e-01 nan 1.00000000e+00
2.43332741e+02 9.73330965e+01 4.46930208e-11 3.61487735e-11 1.20000000e-01 nan 1.00000000e+00
2.48912063e+02 9.95648251e+01 4.32559593e-11 3.56510021e-11 1.20000000e-01 nan 1.00000000e+00
2.50200000e+02 1.00080000e+02 4.29289247e-11 3.56510021e-11 1.20000000e-01 nan 1.00000000e+00
2.54513793e+02 1.01805517e+02 4.18363404e-11 3.52245265e-11 1.20000000e-01 nan 1.00000000e+00
2.54619311e+02 1.01847725e+02 4.18034609e-11 3.52245265e-11 1.20000000e-01 nan 1.00000000e+00
2.58827586e+02 1.03531034e+02 4.08157418e-11 3.52245265e-11 1.20000000e-01 nan 1.00000000e+00
2.60457420e+02 1.04182968e+02 4.04151427e-11 3.45315184e-11 1.20000000e-01 nan 1.00000000e+00
2.63141379e+02 1.05256552e+02 3.97556713e-11 3.45315184e-11 1.20000000e-01 nan 1.00000000e+00
2.66429390e+02 1.06571756e+02 3.90097175e-11 3.38521445e-11 1.20000000e-01 nan 1.00000000e+00
2.66695819e+02 1.06678328e+02 3.89389229e-11 3.38521445e-11 1.20000000e-01 nan 1.00000000e+00
2.67455172e+02 1.06982069e+02 3.87612760e-11 3.38521445e-11 1.20000000e-01 nan 1.00000000e+00
2.71768966e+02 1.08707586e+02 3.77271193e-11 3.38521445e-11 1.20000000e-01 nan 1.00000000e+00
2.76082759e+02 1.10433103e+02 3.67143887e-11 3.34463215e-11 1.20000000e-01 nan 1.00000000e+00
2.80396552e+02 1.12158621e+02 3.56713232e-11 3.26900089e-11 1.20000000e-01 nan 1.00000000e+00
2.84710345e+02 1.13884138e+02 3.46319495e-11 3.19507985e-11 1.20000000e-01 nan 1.00000000e+00
2.89024138e+02 1.15609655e+02 3.35804506e-11 3.19507985e-11 1.20000000e-01 nan 1.00000000e+00
2.93337931e+02 1.17335172e+02 3.25202893e-11 3.08939021e-11 1.20000000e-01 nan 1.00000000e+00
2.97651724e+02 1.19060690e+02 3.14507341e-11 3.05221466e-11 1.20000000e-01 nan 1.00000000e+00
3.01965517e+02 1.20786207e+02 3.03686118e-11 2.97894258e-11 1.20000000e-01 nan 1.00000000e+00
3.02197948e+02 1.20879179e+02 3.03106485e-11 2.97894258e-11 1.20000000e-01 nan 1.00000000e+00
3.06279310e+02 1.22511724e+02 2.92741284e-11 2.90706795e-11 1.20000000e-01 nan 1.00000000e+00
3.10593103e+02 1.24237241e+02 2.81623386e-11 2.81993946e-11 1.20000000e-01 nan 1.00000000e+00
3.14906897e+02 1.25962759e+02 2.70424720e-11 2.76882363e-11 1.20000000e-01 nan 1.00000000e+00
3.19220690e+02 1.27688276e+02 2.58966787e-11 2.67765258e-11 1.20000000e-01 nan 1.00000000e+00
3.23534483e+02 1.29413793e+02 2.47424164e-11 2.58157705e-11 1.20000000e-01 nan 1.00000000e+00
3.27848276e+02 1.31139310e+02 2.35801036e-11 2.48126328e-11 1.20000000e-01 nan 1.00000000e+00
3.32162069e+02 1.32864828e+02 2.24221060e-11 2.38976568e-11 1.20000000e-01 nan 1.00000000e+00
3.36475862e+02 1.34590345e+02 2.12648834e-11 2.29743160e-11 1.20000000e-01 nan 1.00000000e+00
3.40789655e+02 1.36315862e+02 2.01122034e-11 2.20676661e-11 1.20000000e-01 nan 1.00000000e+00
3.42426064e+02 1.36970426e+02 1.96808118e-11 2.12988195e-11 1.20000000e-01 nan 1.00000000e+00
3.45103448e+02 1.38041379e+02 1.89756814e-11 2.08106405e-11 1.20000000e-01 nan 1.00000000e+00
3.49417241e+02 1.39766897e+02 1.78462471e-11 1.98675940e-11 1.20000000e-01 nan 1.00000000e+00
3.53731034e+02 1.41492414e+02 1.67364741e-11 1.89098833e-11 1.20000000e-01 nan 1.00000000e+00
3.58044828e+02 1.43217931e+02 1.56352059e-11 1.77769539e-11 1.20000000e-01 nan 1.00000000e+00
3.62358621e+02 1.44943448e+02 1.45573427e-11 1.67648984e-11 1.20000000e-01 nan 1.00000000e+00
3.66672414e+02 1.46668966e+02 1.34867789e-11 1.57033069e-11 1.20000000e-01 nan 1.00000000e+00
3.69743400e+02 1.47897360e+02 1.27297496e-11 1.48264944e-11 1.20000000e-01 nan 1.00000000e+00
3.70986207e+02 1.48394483e+02 1.24293058e-11 1.45439989e-11 1.20000000e-01 nan 1.00000000e+00
3.75300000e+02 1.50120000e+02 1.13821858e-11 1.35166631e-11 1.20000000e-01 nan 1.00000000e+00
3.79216639e+02 1.51686656e+02 1.04352338e-11 1.23663754e-11 1.20000000e-01 nan 1.00000000e+00
3.88009284e+02 1.55203713e+02 8.28709040e-12 1.01858846e-11 1.20000000e-01 nan 1.00000000e+00
3.88689879e+02 1.55475951e+02 8.11122170e-12 9.92336978e-12 1.20000000e-01 nan 1.00000000e+00
3.98163118e+02 1.59265247e+02 5.49881913e-12 6.90484261e-12 1.20000000e-01 nan 1.00000000e+00
4.07636357e+02 1.63054543e+02 3.27616150e-12 4.19699180e-12 1.20000000e-01 nan 1.00000000e+00
4.17109596e+02 1.66843839e+02 2.51995570e-12 3.27453977e-12 1.20000000e-01 nan 1.00000000e+00
4.19462960e+02 1.67785184e+02 2.40784977e-12 3.15756003e-12 1.20000000e-01 nan 1.00000000e+00
4.26582836e+02 1.70633134e+02 2.14598355e-12 2.85936408e-12 1.20000000e-01 nan 1.00000000e+00
4.30210070e+02 1.72084028e+02 2.04049130e-12 2.71384964e-12 1.20000000e-01 nan 1.00000000e+00
4.36056075e+02 1.74422430e+02 1.89492990e-12 2.54678241e-12 1.20000000e-01 nan 1.00000000e+00
4.39660470e+02 1.75864188e+02 1.81620287e-12 2.45762830e-12 1.20000000e-01 nan 1.00000000e+00
4.40957180e+02 1.76382872e+02 1.78926018e-12 2.45762830e-12 1.20000000e-01 nan 1.00000000e+00
4.45529314e+02 1.78211726e+02 1.69864782e-12 2.36632476e-12 1.20000000e-01 nan 1.00000000e+00
4.51704290e+02 1.80681716e+02 1.58088152e-12 2.21446525e-12 1.20000000e-01 nan 1.00000000e+00
4.55002554e+02 1.82001021e+02 1.51596228e-12 2.12517384e-12 1.20000000e-01 nan 1.00000000e+00
4.62451400e+02 1.84980560e+02 1.37326773e-12 1.97793049e-12 1.20000000e-01 nan 1.00000000e+00
4.64475793e+02 1.85790317e+02 1.33991545e-12 1.92401229e-12 1.20000000e-01 nan 1.00000000e+00
4.73198510e+02 1.89279404e+02 1.22072147e-12 1.75101685e-12 1.20000000e-01 nan 1.00000000e+00
4.73949032e+02 1.89579613e+02 1.21186641e-12 1.75101685e-12 1.20000000e-01 nan 1.00000000e+00
4.83422271e+02 1.93368909e+02 1.11284127e-12 1.63845268e-12 1.20000000e-01 nan 1.00000000e+00
4.83945620e+02 1.93578248e+02 1.10792241e-12 1.63845268e-12 1.20000000e-01 nan 1.00000000e+00
4.92895511e+02 1.97158204e+02 1.03010432e-12 1.54287066e-12 1.20000000e-01 nan 1.00000000e+00
4.94692730e+02 1.97877092e+02 1.01588800e-12 1.54287066e-12 1.20000000e-01 nan 1.00000000e+00
4.98187382e+02 1.99274953e+02 9.89311251e-13 1.51769032e-12 1.20000000e-01 nan 1.00000000e+00
5.02368750e+02 2.00947500e+02 9.59087797e-13 1.47272232e-12 1.20000000e-01 nan 1.00000000e+00
5.05439840e+02 2.02175936e+02 9.38232026e-13 1.45278708e-12 1.20000000e-01 nan 1.00000000e+00
5.16186950e+02 2.06474780e+02 8.71349616e-13 1.38205452e-12 1.20000000e-01 nan 1.00000000e+00
5.26934060e+02 2.10773624e+02 8.12225690e-13 1.31476575e-12 1.20000000e-01 nan 1.00000000e+00
5.37681170e+02 2.15072468e+02 7.59760462e-13 1.24103640e-12 1.20000000e-01 nan 1.00000000e+00
5.48428280e+02 2.19371312e+02 7.12654213e-13 1.18985708e-12 1.20000000e-01 nan 1.00000000e+00
5.59175390e+02 2.23670156e+02 6.69956803e-13 1.14373163e-12 1.20000000e-01 nan 1.00000000e+00
5.64505303e+02 2.25802121e+02 6.49837169e-13 1.11459913e-12 1.20000000e-01 nan 1.00000000e+00
5.69922500e+02 2.27969000e+02 6.30399634e-13 1.09372236e-12 1.20000000e-01 nan 1.00000000e+00
5.75460000e+02 2.30184000e+02 6.11400509e-13 1.05854137e-12 1.20000000e-01 nan 1.00000000e+00
5.90203929e+02 2.36081571e+02 5.64946875e-13 1.01228314e-12 1.20000000e-01 nan 1.00000000e+00
6.04947857e+02 2.41979143e+02 5.23808546e-13 9.54742181e-13 1.20000000e-01 nan 1.00000000e+00
6.19691786e+02 2.47876714e+02 4.86833104e-13 9.09890157e-13 1.20000000e-01 nan 1.00000000e+00
6.34435714e+02 2.53774286e+02 4.26708188e-13 8.09838115e-13 1.20000000e-01 nan 1.00000000e+00
6.39651363e+02 2.55860545e+02 4.10921642e-13 7.87585182e-13 1.20000000e-01 nan 1.00000000e+00
6.49179643e+02 2.59671857e+02 3.86738957e-13 7.46097872e-13 1.20000000e-01 nan 1.00000000e+00
6.63923571e+02 2.65569429e+02 3.55424231e-13 6.99374252e-13 1.20000000e-01 nan 1.00000000e+00
6.78667500e+02 2.71467000e+02 3.29183091e-13 6.59026362e-13 1.20000000e-01 nan 1.00000000e+00
6.93411429e+02 2.77364571e+02 3.06499367e-13 6.29762245e-13 1.20000000e-01 nan 1.00000000e+00
7.08155357e+02 2.83262143e+02 2.86541733e-13 6.05972388e-13 1.20000000e-01 nan 1.00000000e+00
7.22899286e+02 2.89159714e+02 2.68773978e-13 5.71105805e-13 1.20000000e-01 nan 1.00000000e+00
7.24800748e+02 2.89920299e+02 2.66625338e-13 5.71105805e-13 1.20000000e-01 nan 1.00000000e+00
7.37643214e+02 2.95057286e+02 2.52812805e-13 5.51452405e-13 1.20000000e-01 nan 1.00000000e+00
7.52387143e+02 3.00954857e+02 2.38406671e-13 5.25290323e-13 1.20000000e-01 nan 1.00000000e+00
7.67131071e+02 3.06852429e+02 2.25049371e-13 5.10635005e-13 1.20000000e-01 nan 1.00000000e+00
7.81875000e+02 3.12750000e+02 2.12815205e-13 4.90865629e-13 1.20000000e-01 nan 1.00000000e+00
7.94374000e+02 3.17749600e+02 2.03276394e-13 4.69948481e-13 1.20000000e-01 nan 1.00000000e+00
8.14726750e+02 3.25890700e+02 1.89098125e-13 4.45158954e-13 1.20000000e-01 nan 1.00000000e+00
8.21285085e+02 3.28514034e+02 1.84929487e-13 4.45158954e-13 1.20000000e-01 nan 1.00000000e+00
8.35079500e+02 3.34031800e+02 1.76493947e-13 4.29248413e-13 1.20000000e-01 nan 1.00000000e+00
8.55432250e+02 3.42172900e+02 1.65294822e-13 4.11121355e-13 1.20000000e-01 nan 1.00000000e+00
8.75785000e+02 3.50314000e+02 1.54604476e-13 3.92221510e-13 1.20000000e-01 nan 1.00000000e+00
8.96137750e+02 3.58455100e+02 1.43199830e-13 3.74190518e-13 1.20000000e-01 nan 1.00000000e+00
9.16490500e+02 3.66596200e+02 1.32916068e-13 3.50493677e-13 1.20000000e-01 nan 1.00000000e+00
9.30613266e+02 3.72245306e+02 1.26436178e-13 3.40577160e-13 1.20000000e-01 nan 1.00000000e+00
9.36843250e+02 3.74737300e+02 1.23758881e-13 3.35721001e-13 1.20000000e-01 nan 1.00000000e+00
9.57196000e+02 3.82878400e+02 1.15587025e-13 3.13055790e-13 1.20000000e-01 nan 1.00000000e+00
9.77548750e+02 3.91019500e+02 1.08277769e-13 3.04785801e-13 1.20000000e-01 nan 1.00000000e+00
9.97901500e+02 3.99160600e+02 1.01729095e-13 2.93096303e-13 1.20000000e-01 nan 1.00000000e+00
1.01825425e+03 4.07301700e+02 9.58193762e-14 2.75824687e-13 1.20000000e-01 nan 1.00000000e+00
1.03860700e+03 4.15442800e+02 9.03934371e-14 2.67186981e-13 1.20000000e-01 nan 1.00000000e+00
1.05449504e+03 4.21798017e+02 8.65057838e-14 2.59556956e-13 1.20000000e-01 nan 1.00000000e+00
1.05895975e+03 4.23583900e+02 8.54685592e-14 2.59556956e-13 1.20000000e-01 nan 1.00000000e+00
1.07931250e+03 4.31725000e+02 8.09614503e-14 2.46924112e-13 1.20000000e-01 nan 1.00000000e+00
1.19486777e+03 4.77947107e+02 6.13582204e-14 2.04169850e-13 1.20000000e-01 nan 1.00000000e+00
1.35392669e+03 5.41570675e+02 4.50197275e-14 1.70379257e-13 1.20000000e-01 nan 1.00000000e+00
1.53415928e+03 6.13663713e+02 3.29009297e-14 1.40619658e-13 1.20000000e-01 nan 1.00000000e+00
1.73838416e+03 6.95353663e+02 2.41932770e-14 1.15701541e-13 1.20000000e-01 nan 1.00000000e+00
1.96979513e+03 7.87918050e+02 1.78359352e-14 9.62620152e-14 1.20000000e-01 nan 1.00000000e+00
2.23201116e+03 8.92804464e+02 1.31442765e-14 8.09905877e-14 1.20000000e-01 nan 1.00000000e+00
2.52913298e+03 1.01165319e+03 9.68603061e-15 6.66325692e-14 1.20000000e-01 nan 1.00000000e+00
2.86580719e+03 1.14632288e+03 7.13015370e-15 5.49647883e-14 1.20000000e-01 nan 1.00000000e+00
3.24729894e+03 1.29891958e+03 5.24032584e-15 4.57402886e-14 1.20000000e-01 nan 1.00000000e+00
3.67957428e+03 1.47182971e+03 3.84222902e-15 3.85075757e-14 1.20000000e-01 nan 1.00000000e+00
4.16939343e+03 1.66775737e+03 2.81196508e-15 3.18860866e-14 1.20000000e-01 nan 1.00000000e+00
4.72441653e+03 1.88976661e+03 2.05487108e-15 2.64083679e-14 1.20000000e-01 nan 1.00000000e+00
5.35332344e+03 2.14132938e+03 1.50015741e-15 2.18658241e-14 1.20000000e-01 nan 1.00000000e+00
6.06594946e+03 2.42637978e+03 1.09506399e-15 1.82980309e-14 1.20000000e-01 nan 1.00000000e+00
6.87343912e+03 2.74937565e+03 7.99367954e-16 1.52977851e-14 1.20000000e-01 nan 1.00000000e+00
7.78842054e+03 3.11536822e+03 5.84542951e-16 1.24122631e-14 1.20000000e-01 nan 1.00000000e+00
8.82520285e+03 3.53008114e+03 4.28177732e-16 1.04469978e-14 1.20000000e-01 nan 1.00000000e+00
1.00000000e+04 4.00000000e+03 3.14055258e-16 8.67731477e-15 1.20000000e-01 nan 1.00000000e+00
