# alphaX=1.0e-03  r=1.5  mXstar=1.357114e+01  epsX_min=5.155212e-09  SRatio_plateau=11.3478
# mX [GeV]    mY [GeV]    epsX_relic    epsX_bbn_Neff
1.37068519e+01 9.13790125e+00 2.20341075e-09 5.97081514e-12
1.42538100e+01 9.50253997e+00 7.70902960e-10 5.86397587e-12
1.48007680e+01 9.86717870e+00 4.52652662e-10 5.73418967e-12
1.53477261e+01 1.02318174e+01 3.17143855e-10 5.57265218e-12
1.58946842e+01 1.05964561e+01 2.47567968e-10 5.50091543e-12
1.64416423e+01 1.09610949e+01 2.05978802e-10 5.36043934e-12
1.69886004e+01 1.13257336e+01 1.78067764e-10 5.29670474e-12
1.75355585e+01 1.16903723e+01 1.58020858e-10 5.20144030e-12
1.80825166e+01 1.20550110e+01 1.42554928e-10 5.07008028e-12
1.86294746e+01 1.24196498e+01 1.30324208e-10 5.01873615e-12
1.91764327e+01 1.27842885e+01 1.20307719e-10 4.90191513e-12
1.97233908e+01 1.31489272e+01 1.11947650e-10 4.85622651e-12
2.02703489e+01 1.35135659e+01 1.04827946e-10 4.79789797e-12
2.08173070e+01 1.38782047e+01 9.86843137e-11 4.69957108e-12
2.13642651e+01 1.42428434e+01 9.31956708e-11 4.61816241e-12
2.19112232e+01 1.46074821e+01 8.84381943e-11 4.55310019e-12
2.24581812e+01 1.49721208e+01 8.41894818e-11 4.52744029e-12
2.30051393e+01 1.53367596e+01 8.03859065e-11 4.46339352e-12
2.35520974e+01 1.57013983e+01 7.69102275e-11 4.40217115e-12
2.40990555e+01 1.60660370e+01 7.37829387e-11 4.34373694e-12
2.46460136e+01 1.64306757e+01 7.08566580e-11 4.28166510e-12
2.51929717e+01 1.67953144e+01 6.81738842e-11 4.21705944e-12
2.57399298e+01 1.71599532e+01 6.56943196e-11 4.20949356e-12
2.62868878e+01 1.75245919e+01 6.34014915e-11 4.11114522e-12
2.68338459e+01 1.78892306e+01 6.12656610e-11 4.08507330e-12
2.73808040e+01 1.82538693e+01 5.92704476e-11 4.05797485e-12
2.79277621e+01 1.86185081e+01 5.73756120e-11 3.97726801e-12
2.84747202e+01 1.89831468e+01 5.56706682e-11 3.94789796e-12
2.90216783e+01 1.93477855e+01 5.40082910e-11 3.90563456e-12
2.95686364e+01 1.97124242e+01 5.24443647e-11 3.86563681e-12
3.01155944e+01 2.00770630e+01 5.09680156e-11 3.81726480e-12
3.06625525e+01 2.04417017e+01 4.95718225e-11 3.78635436e-12
3.12095106e+01 2.08063404e+01 4.82485528e-11 3.75502587e-12
3.17564687e+01 2.11709791e+01 4.69926142e-11 3.74063969e-12
3.23034268e+01 2.15356179e+01 4.57999221e-11 3.69531998e-12
3.28503849e+01 2.19002566e+01 4.46618799e-11 3.64806681e-12
3.33973430e+01 2.22648953e+01 4.35767571e-11 3.65149934e-12
3.39443010e+01 2.26295340e+01 4.25405746e-11 3.60972881e-12
3.44912591e+01 2.29941727e+01 4.15355989e-11 3.57122153e-12
3.50382172e+01 2.33588115e+01 4.05780071e-11 3.55128799e-12
3.55851753e+01 2.37234502e+01 3.97103002e-11 3.49954638e-12
3.61321334e+01 2.40880889e+01 3.88337155e-11 3.49416782e-12
3.66790915e+01 2.44527276e+01 3.79934153e-11 3.44290388e-12
3.72260496e+01 2.48173664e+01 3.71868944e-11 3.42742110e-12
3.77730076e+01 2.51820051e+01 3.64117112e-11 3.40740155e-12
3.83199657e+01 2.55466438e+01 3.56660144e-11 3.34538927e-12
3.88669238e+01 2.59112825e+01 3.49477704e-11 3.33030694e-12
3.94138819e+01 2.62759213e+01 3.42555631e-11 3.30807915e-12
3.99608400e+01 2.66405600e+01 3.35879422e-11 3.28039038e-12
4.05077981e+01 2.70051987e+01 3.29432671e-11 3.25418179e-12
4.10547561e+01 2.73698374e+01 3.23204138e-11 3.22872357e-12
4.16017142e+01 2.77344762e+01 3.17184556e-11 3.20378775e-12
4.21486723e+01 2.80991149e+01 3.11378780e-11 3.17939408e-12
4.26956304e+01 2.84637536e+01 3.05743209e-11 3.15554994e-12
4.32425885e+01 2.88283923e+01 3.00287654e-11 3.13224507e-12
4.37895466e+01 2.91930311e+01 2.94998302e-11 3.10948489e-12
4.43365047e+01 2.95576698e+01 2.89873210e-11 3.08728644e-12
4.48834627e+01 2.99223085e+01 2.84902040e-11 3.06561066e-12
4.54304208e+01 3.02869472e+01 2.80074888e-11 3.04445105e-12
4.59773789e+01 3.06515859e+01 2.75353018e-11 3.02379599e-12
4.65243370e+01 3.10162247e+01 2.70760399e-11 3.00362533e-12
4.70712951e+01 3.13808634e+01 2.66303634e-11 2.98391419e-12
4.76182532e+01 3.17455021e+01 2.61973226e-11 2.98950479e-12
4.81652113e+01 3.21101408e+01 2.57762145e-11 2.96820217e-12
4.87121693e+01 3.24747796e+01 2.53978863e-11 2.94719800e-12
4.92591274e+01 3.28394183e+01 2.49993274e-11 2.92653131e-12
4.98060855e+01 3.32040570e+01 2.46114064e-11 2.90619109e-12
5.03530436e+01 3.35686957e+01 2.42338545e-11 2.88618777e-12
5.09000017e+01 3.39333345e+01 2.38659489e-11 2.86653616e-12
5.14469598e+01 3.42979732e+01 2.35074966e-11 2.84723249e-12
5.19939179e+01 3.46626119e+01 2.31580771e-11 2.82626537e-12
5.25408759e+01 3.50272506e+01 2.28173110e-11 2.80348699e-12
5.30878340e+01 3.53918894e+01 2.24848169e-11 2.78084640e-12
5.36347921e+01 3.57565281e+01 2.21602279e-11 2.79531735e-12
5.41817502e+01 3.61211668e+01 2.18431333e-11 2.77282295e-12
5.47287083e+01 3.64858055e+01 2.15346965e-11 2.75421026e-12
5.52756664e+01 3.68504442e+01 2.12322066e-11 2.70992335e-12
5.58226245e+01 3.72150830e+01 2.09364727e-11 2.70175281e-12
5.63695825e+01 3.75797217e+01 2.06472397e-11 2.69325224e-12
5.69165406e+01 3.79443604e+01 2.03643738e-11 2.68440321e-12
5.74634987e+01 3.83089991e+01 2.00876027e-11 2.63977963e-12
5.80104568e+01 3.86736379e+01 1.98167574e-11 2.63030302e-12
5.85574149e+01 3.90382766e+01 1.95515360e-11 2.61599667e-12
5.91043730e+01 3.94029153e+01 1.92918167e-11 2.59936414e-12
5.96513311e+01 3.97675540e+01 1.90374128e-11 2.58321733e-12
6.01982891e+01 4.01321928e+01 1.87881134e-11 2.56750682e-12
6.07452472e+01 4.04968315e+01 1.85437467e-11 2.55224238e-12
6.12922053e+01 4.08614702e+01 1.83040556e-11 2.56393828e-12
6.18391634e+01 4.12261089e+01 1.80689558e-11 2.52071352e-12
6.23861215e+01 4.15907477e+01 1.78383531e-11 2.50998450e-12
6.29330796e+01 4.19553864e+01 1.76119949e-11 2.49810018e-12
6.34800377e+01 4.23200251e+01 1.73898264e-11 2.48535699e-12
6.40269957e+01 4.26846638e+01 1.71717129e-11 2.46830581e-12
6.45739538e+01 4.30493026e+01 1.69576302e-11 2.44653610e-12
6.51209119e+01 4.34139413e+01 1.67472012e-11 2.45890265e-12
6.56678700e+01 4.37785800e+01 1.65404918e-11 2.43976100e-12
6.62148281e+01 4.41432187e+01 1.63373109e-11 2.42188068e-12
6.67617862e+01 4.45078574e+01 1.61375746e-11 2.40511843e-12
6.73087443e+01 4.48724962e+01 1.59411920e-11 2.37865933e-12
6.78557023e+01 4.52371349e+01 1.57479616e-11 2.38572149e-12
