# alphaX=1.0e-03  r=1.5  mXstar=2.021214e+01  epsX_min=3.134244e-09  SRatio_plateau=1.1195
# mX [GeV]    mY [GeV]    epsX_relic    epsX_bbn_Neff
2.04142584e+01 1.36095056e+01 1.73654932e-09 4.74165446e-12
2.12288688e+01 1.41525792e+01 9.21752094e-10 4.60663445e-12
2.20434792e+01 1.46956528e+01 3.66142132e-10 4.54710035e-12
2.28580896e+01 1.52387264e+01 1.88954908e-10 4.44856581e-12
2.36726999e+01 1.57818000e+01 1.27819617e-10 4.35946899e-12
2.44873103e+01 1.63248735e+01 9.57892394e-11 4.27307572e-12
2.53019207e+01 1.68679471e+01 7.65298627e-11 4.23416604e-12
2.61165311e+01 1.74110207e+01 6.40907372e-11 4.14578909e-12
2.69311414e+01 1.79540943e+01 5.49057131e-11 4.05438759e-12
2.77457518e+01 1.84971679e+01 4.80939819e-11 4.01460105e-12
2.85603622e+01 1.90402414e+01 4.27647990e-11 3.92048910e-12
2.93749725e+01 1.95833150e+01 3.86726842e-11 3.86077117e-12
3.01895829e+01 2.01263886e+01 3.52011537e-11 3.79581983e-12
3.10041933e+01 2.06694622e+01 3.23073947e-11 3.74985810e-12
3.18188037e+01 2.12125358e+01 2.98477799e-11 3.71854687e-12
3.26334140e+01 2.17556094e+01 2.78322888e-11 3.64847496e-12
3.34480244e+01 2.22986829e+01 2.60006547e-11 3.63056788e-12
3.42626348e+01 2.28417565e+01 2.43926859e-11 3.57122505e-12
3.50772452e+01 2.33848301e+01 2.29858809e-11 3.49334622e-12
3.58918555e+01 2.39279037e+01 2.17302930e-11 3.48615036e-12
3.67064659e+01 2.44709773e+01 2.06546627e-11 3.43293733e-12
3.75210763e+01 2.50140508e+01 1.96203179e-11 3.40480008e-12
3.83356866e+01 2.55571244e+01 1.87109347e-11 3.33439101e-12
3.91502970e+01 2.61001980e+01 1.78659152e-11 3.30964131e-12
3.99649074e+01 2.66432716e+01 1.70965918e-11 3.26883606e-12
4.07795178e+01 2.71863452e+01 1.63892451e-11 3.23081799e-12
4.15941281e+01 2.77294188e+01 1.57713552e-11 3.19394442e-12
4.24087385e+01 2.82724923e+01 1.51641682e-11 3.15824054e-12
4.32233489e+01 2.88155659e+01 1.45997294e-11 3.12373009e-12
4.40379593e+01 2.93586395e+01 1.40742031e-11 3.09042510e-12
4.48525696e+01 2.99017131e+01 1.35827113e-11 3.05826876e-12
4.56671800e+01 3.04447867e+01 1.31219208e-11 3.02725474e-12
4.64817904e+01 3.09878603e+01 1.27048433e-11 2.99731266e-12
4.72964008e+01 3.15309338e+01 1.22980597e-11 2.96834413e-12
4.81110111e+01 3.20740074e+01 1.19151185e-11 2.96202836e-12
4.89256215e+01 3.26170810e+01 1.15547941e-11 2.93113104e-12
4.97402319e+01 3.31601546e+01 1.12140486e-11 2.90095090e-12
5.05548422e+01 3.37032282e+01 1.09133063e-11 2.87152634e-12
5.13694526e+01 3.42463017e+01 1.06065739e-11 2.84286466e-12
5.21840630e+01 3.47893753e+01 1.03150749e-11 2.81040204e-12
5.29986734e+01 3.53324489e+01 1.00376521e-11 2.77686841e-12
5.38132837e+01 3.58755225e+01 9.77207477e-12 2.78050601e-12
5.46278941e+01 3.64185961e+01 9.51928727e-12 2.75132893e-12
5.54425045e+01 3.69616697e+01 9.27757359e-12 2.70317006e-12
5.62571149e+01 3.75047432e+01 9.04631221e-12 2.69068762e-12
5.70717252e+01 3.80478168e+01 8.82518119e-12 2.67744214e-12
5.78863356e+01 3.85908904e+01 8.61302110e-12 2.62810602e-12
5.87009460e+01 3.91339640e+01 8.40904247e-12 2.60635726e-12
5.95155563e+01 3.96770376e+01 8.21251516e-12 2.58221378e-12
6.03301667e+01 4.02201111e+01 8.02350430e-12 2.55906622e-12
6.11447771e+01 4.07631847e+01 7.84170998e-12 2.56342197e-12
6.19593875e+01 4.13062583e+01 7.66576370e-12 2.51507973e-12
6.27739978e+01 4.18493319e+01 7.50937036e-12 2.49781826e-12
6.35886082e+01 4.23924055e+01 7.34432426e-12 2.47868872e-12
6.44032186e+01 4.29354791e+01 7.19432267e-12 2.44709578e-12
6.52178290e+01 4.34785526e+01 7.04026301e-12 2.44994527e-12
6.60324393e+01 4.40216262e+01 6.89129812e-12 2.42281296e-12
6.68470497e+01 4.45646998e+01 6.74902344e-12 2.39474591e-12
6.76616601e+01 4.51077734e+01 6.60945576e-12 2.38802789e-12
6.84762704e+01 4.56508470e+01 6.47408811e-12 2.36758944e-12
6.92908808e+01 4.61939205e+01 6.34279207e-12 2.33535414e-12
7.01054912e+01 4.67369941e+01 6.21525472e-12 2.30352486e-12
7.09201016e+01 4.72800677e+01 6.09124127e-12 2.30272820e-12
7.17347119e+01 4.78231413e+01 5.97071747e-12 2.27010503e-12
7.25493223e+01 4.83662149e+01 5.85321301e-12 2.24709266e-12
7.33639327e+01 4.89092885e+01 5.74923474e-12 2.22200510e-12
7.41785431e+01 4.94523620e+01 5.63684884e-12 2.22631952e-12
7.49931534e+01 4.99954356e+01 5.52728088e-12 2.20040812e-12
7.58077638e+01 5.05385092e+01 5.42029496e-12 2.17543845e-12
7.66223742e+01 5.10815828e+01 5.31581326e-12 2.15734142e-12
7.74369845e+01 5.16246564e+01 5.21371221e-12 2.13975999e-12
7.82515949e+01 5.21677299e+01 5.11382477e-12 2.12277925e-12
7.90662053e+01 5.27108035e+01 5.01598142e-12 2.07828946e-12
7.98808157e+01 5.32538771e+01 4.92029751e-12 2.06280047e-12
8.06954260e+01 5.37969507e+01 4.82647085e-12 2.04799015e-12
8.15100364e+01 5.43400243e+01 4.73441919e-12 2.03385836e-12
8.23246468e+01 5.48830979e+01 4.64413118e-12 2.00446045e-12
8.31392572e+01 5.54261714e+01 4.55470625e-12 1.98202027e-12
8.39538675e+01 5.59692450e+01 4.46679962e-12 1.95888296e-12
8.47684779e+01 5.65123186e+01 4.38046217e-12 1.93494508e-12
8.55830883e+01 5.70553922e+01 4.29531815e-12 1.93533648e-12
8.63976987e+01 5.75984658e+01 4.21165789e-12 1.91260025e-12
8.72123090e+01 5.81415393e+01 4.12912923e-12 1.88975261e-12
8.80269194e+01 5.86846129e+01 4.04745490e-12 1.86683314e-12
8.88415298e+01 5.92276865e+01 3.96688934e-12 1.84387684e-12
8.96561401e+01 5.97707601e+01 3.89264094e-12 1.81942421e-12
9.04707505e+01 6.03138337e+01 3.82095040e-12 1.79174661e-12
9.12853609e+01 6.08569073e+01 3.74331151e-12 1.78774687e-12
9.20999713e+01 6.13999808e+01 3.66645538e-12 1.76322357e-12
9.29145816e+01 6.19430544e+01 3.59049363e-12 1.72697131e-12
9.37291920e+01 6.24861280e+01 3.51524786e-12 1.71313696e-12
9.45438024e+01 6.30292016e+01 3.44076662e-12 1.67497278e-12
9.53584128e+01 6.35722752e+01 3.36692543e-12 1.65464499e-12
9.61730231e+01 6.41153488e+01 3.29371068e-12 1.63059922e-12
9.69876335e+01 6.46584223e+01 3.22104439e-12 1.60431280e-12
9.78022439e+01 6.52014959e+01 3.14851543e-12 1.58330192e-12
9.86168542e+01 6.57445695e+01 3.07640045e-12 1.56163780e-12
9.94314646e+01 6.62876431e+01 3.00472201e-12 1.54771612e-12
1.00246075e+02 6.68307167e+01 2.93349249e-12 1.51487801e-12
1.01060685e+02 6.73737902e+01 2.86259245e-12 1.48098401e-12
