# alphaX=1.0e-03  r=5  mXstar=3.086746e+01  epsX_min=4.142260e-09  SRatio_plateau=1.9278
# mX [GeV]    mY [GeV]    epsX_relic    epsX_bbn_Neff
3.11761302e+01 6.23522603e+00 1.24777092e-09 5.92645576e-12
3.25705946e+01 6.51411892e+00 4.02506484e-10 5.78837145e-12
3.39650591e+01 6.79301181e+00 2.73270737e-10 5.65350445e-12
3.53595235e+01 7.07190471e+00 2.13972797e-10 5.55771311e-12
3.67539880e+01 7.35079760e+00 1.78309582e-10 5.46354482e-12
3.81484524e+01 7.62969049e+00 1.53882031e-10 5.39312430e-12
3.95429169e+01 7.90858338e+00 1.35811135e-10 5.28464009e-12
4.09373813e+01 8.18747627e+00 1.21874423e-10 5.17833807e-12
4.23318458e+01 8.46636916e+00 1.10033857e-10 5.46354482e-12
4.37263102e+01 8.74526205e+00 1.00415461e-10 5.28464009e-12
4.51207747e+01 9.02415494e+00 9.25417463e-11 5.17833807e-12
4.65152391e+01 9.30304783e+00 8.58904243e-11 5.10729861e-12
4.79097036e+01 9.58194072e+00 8.01709352e-11 5.03723370e-12
4.93041680e+01 9.86083361e+00 7.51824568e-11 4.97210591e-12
5.06986325e+01 1.01397265e+01 7.07770178e-11 4.90778822e-12
5.20930970e+01 1.04186194e+01 6.69018817e-11 4.80130282e-12
5.34875614e+01 1.06975123e+01 6.33848006e-11 4.69712787e-12
5.48820259e+01 1.09764052e+01 6.02204934e-11 4.69712787e-12
5.62764903e+01 1.12552981e+01 5.73575872e-11 4.62532733e-12
5.76709548e+01 1.15341910e+01 5.64883391e-11 4.55462434e-12
5.90654192e+01 1.18130838e+01 5.39979465e-11 4.49550984e-12
6.04598837e+01 1.20919767e+01 5.17595810e-11 4.41240536e-12
6.18543481e+01 1.23708696e+01 4.96471278e-11 4.41240536e-12
6.32488126e+01 1.26497625e+01 4.76968687e-11 4.33083716e-12
6.46432770e+01 1.29286554e+01 4.58890130e-11 4.33083716e-12
6.60377415e+01 1.32075483e+01 4.42078852e-11 4.22721730e-12
6.74322059e+01 1.34864412e+01 4.26389792e-11 4.22721730e-12
6.88266704e+01 1.37653341e+01 4.11701013e-11 4.17219651e-12
7.02211348e+01 1.40442270e+01 3.97931635e-11 4.11786488e-12
7.16155993e+01 1.43231199e+01 3.84990428e-11 4.06421412e-12
7.30100637e+01 1.46020127e+01 3.72756211e-11 4.06421412e-12
7.44045282e+01 1.48809056e+01 3.61121408e-11 4.01123604e-12
7.57989926e+01 1.51597985e+01 3.50590354e-11 3.91621736e-12
7.71934571e+01 1.54386914e+01 3.40244380e-11 3.91621736e-12
7.85879215e+01 1.57175843e+01 3.30456487e-11 3.91621736e-12
7.99823860e+01 1.59964772e+01 3.21174887e-11 3.82344950e-12
8.13768504e+01 1.62753701e+01 3.12360015e-11 3.82344950e-12
8.27713149e+01 1.65542630e+01 3.03972390e-11 3.75753919e-12
8.41657794e+01 1.68331559e+01 2.95977599e-11 3.75753919e-12
8.55602438e+01 1.71120488e+01 2.88352706e-11 3.69276508e-12
8.69547083e+01 1.73909417e+01 2.81073467e-11 3.69276508e-12
8.83491727e+01 1.76698345e+01 2.74108194e-11 3.64445420e-12
8.97436372e+01 1.79487274e+01 2.67452157e-11 3.64445420e-12
9.11381016e+01 1.82276203e+01 2.61073325e-11 3.56990014e-12
9.25325661e+01 1.85065132e+01 2.54944016e-11 3.56990014e-12
9.39270305e+01 1.87854061e+01 2.49014992e-11 3.56990014e-12
9.53214950e+01 1.90642990e+01 2.43331967e-11 3.49687122e-12
9.67159594e+01 1.93431919e+01 2.38165889e-11 3.49687122e-12
9.81104239e+01 1.96220848e+01 2.32919775e-11 3.44803590e-12
9.95048883e+01 1.99009777e+01 2.27875545e-11 3.44803590e-12
1.00899353e+02 2.01798706e+01 2.23020979e-11 3.39988258e-12
1.02293817e+02 2.04587634e+01 2.18345676e-11 3.39988258e-12
1.03688282e+02 2.07376563e+01 2.13840026e-11 3.35526465e-12
1.05082746e+02 2.10165492e+01 2.09492717e-11 3.35526465e-12
1.06477211e+02 2.12954421e+01 2.05293705e-11 3.31121038e-12
1.07871675e+02 2.15743350e+01 2.01238656e-11 3.31121038e-12
1.09266139e+02 2.18532279e+01 1.97319304e-11 3.23815811e-12
1.10660604e+02 2.21321208e+01 1.93530758e-11 3.23815811e-12
1.12055068e+02 2.24110137e+01 1.89866041e-11 3.23815811e-12
1.13449533e+02 2.26899066e+01 1.91388241e-11 3.16671753e-12
1.14843997e+02 2.29687995e+01 1.87867566e-11 3.16671753e-12
1.16238462e+02 2.32476923e+01 1.84456065e-11 3.16671753e-12
1.17632926e+02 2.35265852e+01 1.81149136e-11 3.16671753e-12
1.19027391e+02 2.38054781e+01 1.77941533e-11 3.11745573e-12
1.20421855e+02 2.40843710e+01 1.74823051e-11 3.11745573e-12
1.21816320e+02 2.43632639e+01 1.71794077e-11 3.06896024e-12
1.23210784e+02 2.46421568e+01 1.68851092e-11 3.06896024e-12
1.24605248e+02 2.49210497e+01 1.65992934e-11 3.06896024e-12
1.25999713e+02 2.51999426e+01 1.63215407e-11 3.02852999e-12
1.27394177e+02 2.54788355e+01 1.60515113e-11 3.02852999e-12
1.28788642e+02 2.57577284e+01 1.57889085e-11 2.97158286e-12
1.30183106e+02 2.60366213e+01 1.55333798e-11 2.97158286e-12
1.31577571e+02 2.63155141e+01 1.52847086e-11 2.97158286e-12
1.32972035e+02 2.65944070e+01 1.50426419e-11 2.91570654e-12
1.34366500e+02 2.68732999e+01 1.48067321e-11 2.91570654e-12
1.35760964e+02 2.71521928e+01 1.45750262e-11 2.91570654e-12
1.37155429e+02 2.74310857e+01 1.43491379e-11 2.91570654e-12
1.38549893e+02 2.77099786e+01 1.41290007e-11 2.84466819e-12
1.39944357e+02 2.79888715e+01 1.39144210e-11 2.84466819e-12
1.41338822e+02 2.82677644e+01 1.37052535e-11 2.84466819e-12
1.42733286e+02 2.85466573e+01 1.35012592e-11 2.84466819e-12
1.44127751e+02 2.88255502e+01 1.33189098e-11 2.80708617e-12
1.45522215e+02 2.91044430e+01 1.31244670e-11 2.80708617e-12
1.46916680e+02 2.93833359e+01 1.29346797e-11 2.80708617e-12
1.48311144e+02 2.96622288e+01 1.27493735e-11 2.76998223e-12
1.49705609e+02 2.99411217e+01 1.25683577e-11 2.76998223e-12
1.51100073e+02 3.02200146e+01 1.23914623e-11 2.73335053e-12
1.52494538e+02 3.04989075e+01 1.22186434e-11 2.73335053e-12
1.53889002e+02 3.07778004e+01 1.20496845e-11 2.73335053e-12
1.55283466e+02 3.10566933e+01 1.18844881e-11 2.67085591e-12
1.56677931e+02 3.13355862e+01 1.17229282e-11 2.67085591e-12
1.58072395e+02 3.16144791e+01 1.15648869e-11 2.67085591e-12
1.59466860e+02 3.18933720e+01 1.14102089e-11 2.67085591e-12
1.60861324e+02 3.21722648e+01 1.12587424e-11 2.60979014e-12
1.62255789e+02 3.24511577e+01 1.11104956e-11 2.60979014e-12
1.63650253e+02 3.27300506e+01 1.09653246e-11 2.60979014e-12
1.65044718e+02 3.30089435e+01 1.08228960e-11 2.60979014e-12
1.66439182e+02 3.32878364e+01 1.06832671e-11 2.60979014e-12
1.67833646e+02 3.35667293e+01 1.05464406e-11 2.56721113e-12
1.69228111e+02 3.38456222e+01 1.04123648e-11 2.56721113e-12
1.70622575e+02 3.41245151e+01 1.02809618e-11 2.56721113e-12
1.72017040e+02 3.44034080e+01 1.01520799e-11 2.52532679e-12
1.73411504e+02 3.46823009e+01 1.00256917e-11 2.52532679e-12
1.74805969e+02 3.49611937e+01 9.90174696e-12 2.52532679e-12
1.76200433e+02 3.52400866e+01 9.78017446e-12 2.52532679e-12
1.77594898e+02 3.55189795e+01 9.66115356e-12 2.49181527e-12
1.78989362e+02 3.57978724e+01 9.54405020e-12 2.49181527e-12
1.80383827e+02 3.60767653e+01 9.42910561e-12 2.49181527e-12
1.81778291e+02 3.63556582e+01 9.31626805e-12 2.44301667e-12
1.83172755e+02 3.66345511e+01 9.20547822e-12 2.44301667e-12
1.84567220e+02 3.69134440e+01 9.09668014e-12 2.44301667e-12
1.85961684e+02 3.71923369e+01 8.98977946e-12 2.44301667e-12
1.87356149e+02 3.74712298e+01 8.88473170e-12 2.39517371e-12
1.88750613e+02 3.77501227e+01 8.78149926e-12 2.39517371e-12
1.90145078e+02 3.80290155e+01 8.67974532e-12 2.39517371e-12
1.91539542e+02 3.83079084e+01 8.57971576e-12 2.39517371e-12
1.92934007e+02 3.85868013e+01 8.48137821e-12 2.33333508e-12
1.94328471e+02 3.88656942e+01 8.38472199e-12 2.33333508e-12
1.95722936e+02 3.91445871e+01 8.28969223e-12 2.33333508e-12
1.97117400e+02 3.94234800e+01 8.19617684e-12 2.33333508e-12
1.98511864e+02 3.97023729e+01 8.10420895e-12 2.33333508e-12
1.99906329e+02 3.99812658e+01 8.01370214e-12 2.33333508e-12
2.01300793e+02 4.02601587e+01 7.92461475e-12 2.30228026e-12
2.02695258e+02 4.05390516e+01 7.83696242e-12 2.30228026e-12
2.04089722e+02 4.08179444e+01 7.75071102e-12 2.30228026e-12
2.05484187e+02 4.10968373e+01 7.66576419e-12 2.27162352e-12
2.06878651e+02 4.13757302e+01 7.58215518e-12 2.27162352e-12
2.08273116e+02 4.16546231e+01 7.49982365e-12 2.27162352e-12
2.09667580e+02 4.19335160e+01 7.41870904e-12 2.22343397e-12
2.11062044e+02 4.22124089e+01 7.33883100e-12 2.22343397e-12
2.12456509e+02 4.24913018e+01 7.45572916e-12 2.22343397e-12
2.13850973e+02 4.27701947e+01 7.37635502e-12 2.22343397e-12
2.15245438e+02 4.30490876e+01 7.29811550e-12 2.17626670e-12
2.16639902e+02 4.33279805e+01 7.22097777e-12 2.17626670e-12
2.18034367e+02 4.36068734e+01 7.14492008e-12 2.17626670e-12
2.19428831e+02 4.38857662e+01 7.06991129e-12 2.17626670e-12
2.20823296e+02 4.41646591e+01 6.99595547e-12 2.17626670e-12
2.22217760e+02 4.44435520e+01 6.92300042e-12 2.14447123e-12
2.23612225e+02 4.47224449e+01 6.85074894e-12 2.14447123e-12
2.25006689e+02 4.50013378e+01 6.77942776e-12 2.14447123e-12
2.26401153e+02 4.52802307e+01 6.70906844e-12 2.11314030e-12
2.27795618e+02 4.55591236e+01 6.63961994e-12 2.11314030e-12
2.29190082e+02 4.58380165e+01 6.57109728e-12 2.11314030e-12
2.30584547e+02 4.61169094e+01 6.50344902e-12 2.08491271e-12
2.31979011e+02 4.63958023e+01 6.43666776e-12 2.08491271e-12
2.33373476e+02 4.66746951e+01 6.37074494e-12 2.08491271e-12
2.34767940e+02 4.69535880e+01 6.30561148e-12 2.04757834e-12
2.36162405e+02 4.72324809e+01 6.24129834e-12 2.04757834e-12
2.37556869e+02 4.75113738e+01 6.17775461e-12 2.04757834e-12
2.38951334e+02 4.77902667e+01 6.11495568e-12 2.04757834e-12
2.40345798e+02 4.80691596e+01 6.05292737e-12 2.01091251e-12
2.41740262e+02 4.83480525e+01 5.99161860e-12 2.01091251e-12
2.43134727e+02 4.86269454e+01 5.93102414e-12 2.01091251e-12
2.44529191e+02 4.89058383e+01 5.87111300e-12 2.01091251e-12
2.45923656e+02 4.91847312e+01 5.81190219e-12 1.96586924e-12
2.47318120e+02 4.94636240e+01 5.75332621e-12 1.96586924e-12
2.48712585e+02 4.97425169e+01 5.69539858e-12 1.96586924e-12
2.50107049e+02 5.00214098e+01 5.63812646e-12 1.96586924e-12
2.51501514e+02 5.03003027e+01 5.58145595e-12 1.96586924e-12
2.52895978e+02 5.05791956e+01 5.52537117e-12 1.93953882e-12
2.54290443e+02 5.08580885e+01 5.46959723e-12 1.93953882e-12
2.55684907e+02 5.11369814e+01 5.41453624e-12 1.91354816e-12
2.57079371e+02 5.14158743e+01 5.36062335e-12 1.91354816e-12
2.58473836e+02 5.16947672e+01 5.30713825e-12 1.91354816e-12
2.59868300e+02 5.19736601e+01 5.25383198e-12 1.88789304e-12
2.61262765e+02 5.22525530e+01 5.20101933e-12 1.88789304e-12
2.62657229e+02 5.25314458e+01 5.14873711e-12 1.88789304e-12
2.64051694e+02 5.28103387e+01 5.09693019e-12 1.86256930e-12
2.65446158e+02 5.30892316e+01 5.04558302e-12 1.86256930e-12
2.66840623e+02 5.33681245e+01 4.99471858e-12 1.83757284e-12
2.68235087e+02 5.36470174e+01 4.94429613e-12 1.83757284e-12
2.69629551e+02 5.39259103e+01 4.89431676e-12 1.83757284e-12
2.71024016e+02 5.42048032e+01 4.83843967e-12 1.81289959e-12
2.72418480e+02 5.44836961e+01 4.78935812e-12 1.81289959e-12
2.73812945e+02 5.47625890e+01 4.74069166e-12 1.78854553e-12
2.75207409e+02 5.50414819e+01 4.69239815e-12 1.78854553e-12
2.76601874e+02 5.53203747e+01 4.64452054e-12 1.78854553e-12
2.77996338e+02 5.55992676e+01 4.59700139e-12 1.74500184e-12
2.79390803e+02 5.58781605e+01 4.54987767e-12 1.74500184e-12
2.80785267e+02 5.61570534e+01 4.50311008e-12 1.74500184e-12
2.82179732e+02 5.64359463e+01 4.45665405e-12 1.74500184e-12
2.83574196e+02 5.67148392e+01 4.41062709e-12 1.70251826e-12
2.84968660e+02 5.69937321e+01 4.36488780e-12 1.70251826e-12
2.86363125e+02 5.72726250e+01 4.31944573e-12 1.70251826e-12
2.87757589e+02 5.75515179e+01 4.27440042e-12 1.70251826e-12
2.89152054e+02 5.78304108e+01 4.22955061e-12 1.67238108e-12
2.90546518e+02 5.81093037e+01 4.18476273e-12 1.67238108e-12
2.91940983e+02 5.83881965e+01 4.14029108e-12 1.67238108e-12
2.93335447e+02 5.86670894e+01 4.09611965e-12 1.64277737e-12
2.94729912e+02 5.89459823e+01 4.05222190e-12 1.64277737e-12
2.96124376e+02 5.92248752e+01 4.00860595e-12 1.64277737e-12
2.97518841e+02 5.95037681e+01 3.96526794e-12 1.62062881e-12
2.98913305e+02 5.97826610e+01 3.92217953e-12 1.62062881e-12
3.00307769e+02 6.00615539e+01 3.87937122e-12 1.58656761e-12
3.01702234e+02 6.03404468e+01 3.83679953e-12 1.58656761e-12
3.03096698e+02 6.06193397e+01 3.79447464e-12 1.58656761e-12
3.04491163e+02 6.08982326e+01 3.75236828e-12 1.55322229e-12
3.05885627e+02 6.11771254e+01 3.71048491e-12 1.55322229e-12
3.07280092e+02 6.14560183e+01 3.66885983e-12 1.55322229e-12
3.08674556e+02 6.17349112e+01 3.62744580e-12 1.53096566e-12
