# alphaX=1.0e-03  r=1.5  mXstar=1.809167e+01  epsX_min=4.547091e-09  SRatio_plateau=1.9644
# mX [GeV]    mY [GeV]    epsX_relic    epsX_bbn_Neff
1.82725831e+01 1.21817221e+01 3.38161013e-09 5.05039739e-12
1.90017321e+01 1.26678214e+01 1.11756797e-09 4.93055745e-12
1.97308811e+01 1.31539207e+01 5.97006880e-10 4.85239306e-12
2.04600301e+01 1.36400201e+01 3.98121514e-10 4.71887533e-12
2.11891791e+01 1.41261194e+01 3.03672609e-10 4.64335757e-12
2.19183280e+01 1.46122187e+01 2.48994678e-10 4.55057560e-12
2.26474770e+01 1.50983180e+01 2.12741446e-10 4.50309401e-12
2.33766260e+01 1.55844173e+01 1.86727672e-10 4.41978257e-12
2.41057750e+01 1.60705167e+01 1.66963069e-10 4.34142811e-12
2.48349240e+01 1.65566160e+01 1.51278018e-10 4.25735640e-12
2.55640730e+01 1.70427153e+01 1.42533243e-10 4.22789677e-12
2.62932219e+01 1.75288146e+01 1.31513170e-10 4.10993764e-12
2.70223709e+01 1.80149139e+01 1.22216059e-10 4.07492062e-12
2.77515199e+01 1.85010133e+01 1.14083016e-10 4.03804660e-12
2.84806689e+01 1.89871126e+01 1.07115690e-10 3.94631412e-12
2.92098179e+01 1.94732119e+01 1.00989426e-10 3.89061564e-12
2.99389669e+01 1.99593112e+01 9.55216449e-11 3.82640407e-12
3.06681158e+01 2.04454106e+01 9.06777967e-11 3.78519118e-12
3.13972648e+01 2.09315099e+01 8.63295311e-11 3.74332011e-12
3.21264138e+01 2.14176092e+01 8.23077439e-11 3.71011339e-12
3.28555628e+01 2.19037085e+01 7.86618229e-11 3.64664889e-12
3.35847118e+01 2.23898078e+01 7.53204251e-11 3.63590532e-12
3.43138607e+01 2.28759072e+01 7.22489357e-11 3.58250055e-12
3.50430097e+01 2.33620065e+01 6.94131853e-11 3.55074322e-12
3.57721587e+01 2.38481058e+01 6.81939412e-11 3.49725007e-12
3.65013077e+01 2.43342051e+01 6.56720885e-11 3.44423977e-12
3.72304567e+01 2.48203044e+01 6.34079799e-11 3.42664097e-12
3.79596057e+01 2.53064038e+01 6.12244315e-11 3.40057860e-12
3.86887546e+01 2.57925031e+01 5.91804499e-11 3.33445821e-12
3.94179036e+01 2.62786024e+01 5.72637645e-11 3.30727365e-12
4.01470526e+01 2.67647017e+01 5.54587412e-11 3.27068639e-12
4.08762016e+01 2.72508011e+01 5.37531997e-11 3.23643697e-12
4.16053506e+01 2.77369004e+01 5.21405476e-11 3.20309353e-12
4.23344995e+01 2.82229997e+01 5.06130821e-11 3.17072089e-12
4.30636485e+01 2.87090990e+01 4.91632701e-11 3.13931383e-12
4.37927975e+01 2.91951983e+01 4.77754981e-11 3.10889557e-12
4.45219465e+01 2.96812977e+01 4.64503812e-11 3.07941984e-12
4.52510955e+01 3.01673970e+01 4.52438109e-11 3.05089578e-12
4.59802445e+01 3.06534963e+01 4.40433730e-11 3.02327142e-12
4.67093934e+01 3.11395956e+01 4.28985324e-11 2.99650918e-12
4.74385424e+01 3.16256949e+01 4.18040018e-11 2.97053157e-12
4.81676914e+01 3.21117943e+01 4.07572265e-11 2.96768136e-12
4.88968404e+01 3.25978936e+01 3.97546552e-11 2.93977716e-12
4.96259894e+01 3.30839929e+01 3.96016139e-11 2.91245684e-12
5.03551384e+01 3.35700922e+01 3.86646979e-11 2.88573371e-12
5.10842873e+01 3.40561916e+01 3.77643400e-11 2.85962842e-12
5.18134363e+01 3.45422909e+01 3.68985847e-11 2.83340323e-12
5.25425853e+01 3.50283902e+01 3.60643078e-11 2.80301012e-12
5.32717343e+01 3.55144895e+01 3.52604976e-11 2.81000090e-12
5.40008833e+01 3.60005888e+01 3.44852189e-11 2.77985812e-12
5.47300322e+01 3.64866882e+01 3.37378246e-11 2.75396634e-12
5.54591812e+01 3.69727875e+01 3.30158662e-11 2.70699577e-12
5.61883302e+01 3.74588868e+01 3.23177481e-11 2.69588525e-12
5.69174792e+01 3.79449861e+01 3.16431975e-11 2.68416286e-12
5.76466282e+01 3.84310854e+01 3.09908186e-11 2.63642566e-12
5.83757772e+01 3.89171848e+01 3.03595821e-11 2.62134513e-12
5.91049261e+01 3.94032841e+01 2.97443624e-11 2.59908768e-12
5.98340751e+01 3.98893834e+01 2.91472859e-11 2.57766796e-12
6.05632241e+01 4.03754827e+01 2.85687326e-11 2.55703994e-12
6.12923731e+01 4.08615821e+01 2.80082736e-11 2.56379842e-12
6.20215221e+01 4.13476814e+01 2.74972156e-11 2.51712079e-12
6.27506710e+01 4.18337807e+01 2.69683348e-11 2.50197955e-12
6.34798200e+01 4.23198800e+01 2.64541507e-11 2.48515564e-12
6.42089690e+01 4.28059793e+01 2.59545906e-11 2.46057621e-12
6.49381180e+01 4.32920787e+01 2.54683758e-11 2.46531596e-12
6.56672670e+01 4.37781780e+01 2.49952021e-11 2.43951366e-12
6.63964160e+01 4.42642773e+01 2.45341439e-11 2.41595747e-12
6.71255649e+01 4.47503766e+01 2.40849097e-11 2.38733433e-12
6.78547139e+01 4.52364759e+01 2.36464957e-11 2.38545726e-12
6.85838629e+01 4.57225753e+01 2.32189393e-11 2.36839172e-12
6.93130119e+01 4.62086746e+01 2.28017459e-11 2.33621168e-12
7.00421609e+01 4.66947739e+01 2.28836425e-11 2.30444358e-12
7.07713099e+01 4.71808732e+01 2.24796384e-11 2.30372518e-12
7.15004588e+01 4.76669726e+01 2.20847018e-11 2.27232857e-12
7.22296078e+01 4.81530719e+01 2.16983767e-11 2.25991978e-12
7.29587568e+01 4.86391712e+01 2.13200776e-11 2.23841058e-12
7.36879058e+01 4.91252705e+01 2.09499591e-11 2.21531779e-12
7.44170548e+01 4.96113698e+01 2.05872074e-11 2.22242217e-12
7.51462037e+01 5.00974692e+01 2.02316190e-11 2.19901294e-12
7.58753527e+01 5.05835685e+01 1.98830896e-11 2.17664914e-12
7.66045017e+01 5.10696678e+01 1.95410129e-11 2.16036571e-12
7.73336507e+01 5.15557671e+01 1.92051089e-11 2.14450696e-12
7.80627997e+01 5.20418664e+01 1.88754223e-11 2.12911926e-12
7.87919487e+01 5.25279658e+01 1.85515363e-11 2.08600004e-12
7.95210976e+01 5.30140651e+01 1.82331938e-11 2.07183091e-12
8.02502466e+01 5.35001644e+01 1.79201457e-11 2.05819629e-12
8.09793956e+01 5.39862637e+01 1.76121918e-11 2.04511167e-12
8.17085446e+01 5.44723631e+01 1.73092494e-11 2.03201340e-12
8.24376936e+01 5.49584624e+01 1.70107709e-11 2.00384389e-12
8.31668425e+01 5.54445617e+01 1.67170844e-11 1.98366798e-12
8.38959915e+01 5.59306610e+01 1.64272250e-11 1.96292183e-12
8.46251405e+01 5.64167603e+01 1.61416356e-11 1.94153805e-12
8.53542895e+01 5.69028597e+01 1.58597966e-11 1.94553690e-12
8.60834385e+01 5.73889590e+01 1.55818718e-11 1.92369640e-12
8.68125875e+01 5.78750583e+01 1.53072833e-11 1.90322519e-12
8.75417364e+01 5.83611576e+01 1.50360836e-11 1.88267640e-12
8.82708854e+01 5.88472569e+01 1.47678705e-11 1.86208238e-12
8.90000344e+01 5.93333563e+01 1.45028049e-11 1.84146807e-12
8.97291834e+01 5.98194556e+01 1.42405151e-11 1.81930210e-12
9.04583324e+01 6.03055549e+01 1.39810796e-11 1.79444881e-12
