# alphaX=1.0e-02  r=2.0  mXstar=9.043905e+01  epsX_min=7.477744e-10  epsX_min_relic=5.708602e-08  SRatio_plateau=1.0021
# mX [GeV]    mY [GeV]    epsX_relic    epsX_bbn
9.04390495e+01 4.52195247e+01 5.70860171e-08 2.14447123e-12
9.13434400e+01 4.56717200e+01 3.27263646e-08 2.11314030e-12
9.27597928e+01 4.63798964e+01 1.23717862e-08 2.08491271e-12
9.41981073e+01 4.70990537e+01 7.25657216e-09 2.04757834e-12
9.56587240e+01 4.78293620e+01 4.99441347e-09 2.04757834e-12
9.71419888e+01 4.85709944e+01 3.60299319e-09 2.01091251e-12
9.86482527e+01 4.93241264e+01 2.81408375e-09 1.96586924e-12
1.00177873e+02 5.00889363e+01 2.32357063e-09 1.96586924e-12
1.01731210e+02 5.08656051e+01 2.00507351e-09 1.93953882e-12
1.03308634e+02 5.16543169e+01 1.78263252e-09 1.91354816e-12
1.04910516e+02 5.24552582e+01 1.14370289e-09 1.88789304e-12
1.06537238e+02 5.32686188e+01 1.08876018e-09 1.86256930e-12
1.08189182e+02 5.40945912e+01 1.03872953e-09 1.81289959e-12
1.09866742e+02 5.49333709e+01 9.90948197e-10 1.78854553e-12
1.11570313e+02 5.57851566e+01 9.43167136e-10 1.74500184e-12
1.13300300e+02 5.66501499e+01 8.99268584e-10 1.70251826e-12
1.15057111e+02 5.75285557e+01 8.56633862e-10 1.70251826e-12
1.16841164e+02 5.84205818e+01 8.20113656e-10 1.67238108e-12
1.18652879e+02 5.93264395e+01 7.84559282e-10 1.62062881e-12
1.20492686e+02 6.02463432e+01 7.49694614e-10 1.58656761e-12
1.22361021e+02 6.11805107e+01 7.16261446e-10 1.55322229e-12
1.24258327e+02 6.21291633e+01 6.83371874e-10 1.53096566e-12
1.26185051e+02 6.30925255e+01 6.52655745e-10 1.48861940e-12
1.28141651e+02 6.40708254e+01 6.23087249e-10 1.43518511e-12
1.30128589e+02 6.50642946e+01 5.92970661e-10 1.40264812e-12
1.32146337e+02 6.60731683e+01 5.63648706e-10 1.35820974e-12
1.34195371e+02 6.70976855e+01 5.34227096e-10 1.31389381e-12
1.36276177e+02 6.81380886e+01 5.05798466e-10 1.25632913e-12
1.38389248e+02 6.91946239e+01 4.77183635e-10 1.20568600e-12
1.40535083e+02 7.02675417e+01 4.48592382e-10 1.14969230e-12
1.42714192e+02 7.13570959e+01 4.19391427e-10 1.11149897e-12
1.44927089e+02 7.24635446e+01 3.90830682e-10 1.05263250e-12
1.45900160e+02 7.29500800e+01 3.78698819e-10 1.02476011e-12
1.47174299e+02 7.35871496e+01 3.62196106e-10 9.96836280e-13
1.47388937e+02 7.36944686e+01 3.59442858e-10 9.75108152e-13
1.48877714e+02 7.44388571e+01 3.40441847e-10 9.53853634e-13
1.49456354e+02 7.47281770e+01 3.32961860e-10 9.25463876e-13
1.50366491e+02 7.51832457e+01 3.21385162e-10 9.12724359e-13
1.51773794e+02 7.58868969e+01 3.03585055e-10 8.59271429e-13
1.51855269e+02 7.59276343e+01 3.02577064e-10 8.59271429e-13
1.53344046e+02 7.66720229e+01 2.84386990e-10 8.24163645e-13
1.54127168e+02 7.70635838e+01 2.74726515e-10 7.93338599e-13
1.54832823e+02 7.74164114e+01 2.66021281e-10 7.74370380e-13
1.56321600e+02 7.81608000e+01 2.47858837e-10 7.37783651e-13
1.56517032e+02 7.82585160e+01 2.45450181e-10 7.37783651e-13
1.57810377e+02 7.89051886e+01 2.29599767e-10 6.88748529e-13
1.58943953e+02 7.94719767e+01 2.16275194e-10 6.69714369e-13
1.59299154e+02 7.96495771e+01 2.11907296e-10 6.54856137e-13
1.60787931e+02 8.03939657e+01 1.94639727e-10 6.12230208e-13
1.61408506e+02 8.07042530e+01 1.87202418e-10 5.89508862e-13
1.62276709e+02 8.11383543e+01 1.76763971e-10 5.67630760e-13
1.63765486e+02 8.18827429e+01 1.59982997e-10 5.26705361e-13
1.63911274e+02 8.19556368e+01 1.58189191e-10 5.18228005e-13
1.65254263e+02 8.26271314e+01 1.43692564e-10 4.83243935e-13
1.66452848e+02 8.32264242e+01 1.30714854e-10 4.48222128e-13
1.66743040e+02 8.33715200e+01 1.27619341e-10 4.38680189e-13
1.68231817e+02 8.41159086e+01 1.12015009e-10 3.96722852e-13
1.69033833e+02 8.45169163e+01 1.03810958e-10 3.74673655e-13
1.69720594e+02 8.48602971e+01 9.69313912e-11 3.51749602e-13
1.71209371e+02 8.56046857e+01 8.20837516e-11 3.08235407e-13
1.71654837e+02 8.58274184e+01 7.78416932e-11 2.97036516e-13
1.72698149e+02 8.63490743e+01 6.81464310e-11 2.67232239e-13
1.74186926e+02 8.70934629e+01 5.47606988e-11 2.23040495e-13
1.74316482e+02 8.71582409e+01 5.36619744e-11 2.18658662e-13
1.75675703e+02 8.78378514e+01 4.24954460e-11 1.83211380e-13
1.77019398e+02 8.85096989e+01 3.20686235e-11 1.43834259e-13
1.77164480e+02 8.85822400e+01 3.10124381e-11 1.39640233e-13
1.78653257e+02 8.93266286e+01 2.08012450e-11 9.88446544e-14
1.79764225e+02 8.98821123e+01 1.38284737e-11 6.91486452e-14
1.80142034e+02 9.00710171e+01 1.16276684e-11 5.81495772e-14
1.81630811e+02 9.08154057e+01 3.62162409e-12 1.93017231e-14
1.82551612e+02 9.12758061e+01 8.23934036e-13 4.64136495e-15
1.83119589e+02 9.15597943e+01 3.37583273e-12 1.93017231e-14
1.84608366e+02 9.23041829e+01 9.50570045e-12 5.72697812e-14
1.85382220e+02 9.26911102e+01 1.24257720e-11 7.74341549e-14
1.86097143e+02 9.30485714e+01 1.48924057e-11 9.39225228e-14
1.87585920e+02 9.37929600e+01 1.97458587e-11 1.29749203e-13
1.88256720e+02 9.41283598e+01 2.17430789e-11 1.47576719e-13
1.89074697e+02 9.45373486e+01 2.40304760e-11 1.65115540e-13
1.90563474e+02 9.52817371e+01 2.79548249e-11 2.02668401e-13
1.91175790e+02 9.55878950e+01 2.94600127e-11 2.13241314e-13
1.92052251e+02 9.60261257e+01 3.14522055e-11 2.34619451e-13
1.93541029e+02 9.67705143e+01 3.47097586e-11 2.67232239e-13
1.94140123e+02 9.70700615e+01 3.59169133e-11 2.81608773e-13
1.95029806e+02 9.75149029e+01 3.76924094e-11 2.97036516e-13
1.96518583e+02 9.82592914e+01 4.03189695e-11 3.28090305e-13
1.97150420e+02 9.85752102e+01 4.14187816e-11 3.45740876e-13
1.98007360e+02 9.90036800e+01 4.28432781e-11 3.60441879e-13
1.99496137e+02 9.97480686e+01 4.50521685e-11 3.91095986e-13
2.00207395e+02 1.00103697e+02 4.60685421e-11 4.05387562e-13
2.00984914e+02 1.00492457e+02 4.70822648e-11 4.20201386e-13
2.02473691e+02 1.01236846e+02 4.90079541e-11 4.38680189e-13
2.03311770e+02 1.01655885e+02 5.00348146e-11 4.57971617e-13
2.03962469e+02 1.01981234e+02 5.07842153e-11 4.71166756e-13
2.05451246e+02 1.02725623e+02 5.24405592e-11 4.92884937e-13
2.06464281e+02 1.03232140e+02 5.34758948e-11 5.09887092e-13
2.06940023e+02 1.03470011e+02 5.39397168e-11 5.18228005e-13
2.08428800e+02 1.04214400e+02 5.52167002e-11 5.39124748e-13
2.09665674e+02 1.04832837e+02 5.63097807e-11 5.59680134e-13
2.09917577e+02 1.04958789e+02 5.65065651e-11 5.67630760e-13
2.11406354e+02 1.05703177e+02 5.75868565e-11 5.89508862e-13
2.12895131e+02 1.06447566e+02 5.86285990e-11 6.00762127e-13
2.12916708e+02 1.06458354e+02 5.86451290e-11 6.00762127e-13
2.14383909e+02 1.07191954e+02 5.95478368e-11 6.30538692e-13
2.15872686e+02 1.07936343e+02 6.04197550e-11 6.40327547e-13
2.16218151e+02 1.08109075e+02 6.06108394e-11 6.40327547e-13
2.17361463e+02 1.08680731e+02 6.11702101e-11 6.54856137e-13
2.18850240e+02 1.09425120e+02 6.18716704e-11 6.79167151e-13
2.19570786e+02 1.09785393e+02 6.21909980e-11 6.88748529e-13
2.22975406e+02 1.11487703e+02 6.34398053e-11 7.22671518e-13
2.26432817e+02 1.13216408e+02 6.43921658e-11 7.61152885e-13
2.29943838e+02 1.14971919e+02 6.50909332e-11 7.93338599e-13
2.33509301e+02 1.16754650e+02 6.55465239e-11 8.12771446e-13
2.37130048e+02 1.18565024e+02 6.58274031e-11 8.47411628e-13
2.40806939e+02 1.20403469e+02 6.58949350e-11 8.59271429e-13
2.44540842e+02 1.22270421e+02 6.58180308e-11 8.79461901e-13
2.48332643e+02 1.24166321e+02 6.56233695e-11 8.95938781e-13
2.52183238e+02 1.26091619e+02 6.53076026e-11 9.25463876e-13
2.56093541e+02 1.28046770e+02 6.48867205e-11 9.39551532e-13
2.60064475e+02 1.30032238e+02 6.43744613e-11 9.53853634e-13
2.64096982e+02 1.32048491e+02 6.37790388e-11 9.53853634e-13
2.68192016e+02 1.34096008e+02 6.31139339e-11 9.75108152e-13
2.72350547e+02 1.36175274e+02 6.24148288e-11 9.75108152e-13
2.76573559e+02 1.38286780e+02 6.16749608e-11 9.75108152e-13
2.80862053e+02 1.40431026e+02 6.08883518e-11 9.96836280e-13
2.85217043e+02 1.42608521e+02 6.00629302e-11 9.96836280e-13
2.89639560e+02 1.44819780e+02 5.92105420e-11 9.96836280e-13
2.94130653e+02 1.47065326e+02 5.83344869e-11 1.01070526e-12
2.98691383e+02 1.49345691e+02 5.74426511e-11 1.01070526e-12
3.03322831e+02 1.51661415e+02 5.65560070e-11 1.01070526e-12
3.08026093e+02 1.54013046e+02 5.56570993e-11 1.01070526e-12
3.12802283e+02 1.56401141e+02 5.47491731e-11 1.01070526e-12
3.17652532e+02 1.58826266e+02 5.38304220e-11 1.01070526e-12
3.22577987e+02 1.61288994e+02 5.29077270e-11 1.01070526e-12
3.27579816e+02 1.63789908e+02 5.19869081e-11 1.01070526e-12
3.32659202e+02 1.66329601e+02 5.10588170e-11 1.01070526e-12
3.37817348e+02 1.68908674e+02 5.01934156e-11 1.01070526e-12
3.43055475e+02 1.71527738e+02 4.92923730e-11 1.01070526e-12
3.48374824e+02 1.74187412e+02 4.84032521e-11 1.01070526e-12
3.53776653e+02 1.76888327e+02 4.75158723e-11 9.96836280e-13
3.59262242e+02 1.79631121e+02 4.66256348e-11 9.96836280e-13
3.64832890e+02 1.82416445e+02 4.57527965e-11 9.96836280e-13
3.70489914e+02 1.85244957e+02 4.48877268e-11 9.96836280e-13
3.76234656e+02 1.88117328e+02 4.40495742e-11 9.96836280e-13
3.82068474e+02 1.91034237e+02 4.32214304e-11 9.75108152e-13
3.87992750e+02 1.93996375e+02 4.24071065e-11 9.75108152e-13
3.94008887e+02 1.97004443e+02 4.16092838e-11 9.75108152e-13
4.00118309e+02 2.00059154e+02 4.07685821e-11 9.75108152e-13
4.06322462e+02 2.03161231e+02 3.99861643e-11 9.75108152e-13
4.12622815e+02 2.06311408e+02 3.92128710e-11 9.53853634e-13
4.19020861e+02 2.09510430e+02 3.84475040e-11 9.53853634e-13
4.25518113e+02 2.12759057e+02 3.76936834e-11 9.53853634e-13
4.32116111e+02 2.16058055e+02 3.69637449e-11 9.53853634e-13
4.38816415e+02 2.19408208e+02 3.62442271e-11 9.39551532e-13
4.45620614e+02 2.22810307e+02 3.55331371e-11 9.39551532e-13
4.52530316e+02 2.26265158e+02 3.48377713e-11 9.39551532e-13
4.59547160e+02 2.29773580e+02 3.41459401e-11 9.25463876e-13
4.66672805e+02 2.33336402e+02 3.34713436e-11 9.25463876e-13
4.73908938e+02 2.36954469e+02 3.28085915e-11 9.25463876e-13
4.81257274e+02 2.40628637e+02 3.21571813e-11 9.12724359e-13
4.88719552e+02 2.44359776e+02 3.15167989e-11 9.12724359e-13
4.96297538e+02 2.48148769e+02 3.08870968e-11 8.95938781e-13
5.03993027e+02 2.51996513e+02 3.02683221e-11 8.95938781e-13
5.11807840e+02 2.55903920e+02 2.96603990e-11 8.95938781e-13
5.19743829e+02 2.59871914e+02 2.90637937e-11 8.79461901e-13
5.27802871e+02 2.63901435e+02 2.84809608e-11 8.79461901e-13
5.35986875e+02 2.67993438e+02 2.79099415e-11 8.79461901e-13
5.44297779e+02 2.72148889e+02 2.73488175e-11 8.59271429e-13
5.52737550e+02 2.76368775e+02 2.67980292e-11 8.59271429e-13
5.61308186e+02 2.80654093e+02 2.62574120e-11 8.59271429e-13
5.70011716e+02 2.85005858e+02 2.57272470e-11 8.47411628e-13
5.78850202e+02 2.89425101e+02 2.52061355e-11 8.47411628e-13
5.87825736e+02 2.93912868e+02 2.46952402e-11 8.47411628e-13
5.96940443e+02 2.98470221e+02 2.41951907e-11 8.35709707e-13
6.06196480e+02 3.03098240e+02 2.37054701e-11 8.35709707e-13
6.15596039e+02 3.07798020e+02 2.32259630e-11 8.24163645e-13
6.25141347e+02 3.12570673e+02 2.27544737e-11 8.24163645e-13
6.34834661e+02 3.17417331e+02 2.22923208e-11 8.12771446e-13
6.44678279e+02 3.22339139e+02 2.18396216e-11 8.12771446e-13
6.54674529e+02 3.27337265e+02 2.13950156e-11 7.93338599e-13
6.64825780e+02 3.32412890e+02 2.09597407e-11 7.93338599e-13
6.75134433e+02 3.37567217e+02 2.05326547e-11 7.93338599e-13
6.85602930e+02 3.42801465e+02 2.01144044e-11 7.74370380e-13
6.96233750e+02 3.48116875e+02 1.94992264e-11 7.74370380e-13
7.07029409e+02 3.53514705e+02 1.89642222e-11 7.61152885e-13
7.17992464e+02 3.58996232e+02 1.84873338e-11 7.48160995e-13
7.29125509e+02 3.64562755e+02 1.80408990e-11 7.48160995e-13
7.40431181e+02 3.70215591e+02 1.76158939e-11 7.37783651e-13
7.51912157e+02 3.75956078e+02 1.72077964e-11 7.22671518e-13
7.63571154e+02 3.81785577e+02 1.68141744e-11 7.22671518e-13
7.75410933e+02 3.87705467e+02 1.64343305e-11 7.07868929e-13
7.87434298e+02 3.93717149e+02 1.60656823e-11 7.07868929e-13
7.99644094e+02 3.99822047e+02 1.57080101e-11 6.88748529e-13
8.12043213e+02 4.06021607e+02 1.53605928e-11 6.88748529e-13
8.24634590e+02 4.12317295e+02 1.50223003e-11 6.88748529e-13
8.37421207e+02 4.18710603e+02 1.46933388e-11 6.88748529e-13
8.50406090e+02 4.25203045e+02 1.43726290e-11 6.79167151e-13
8.63592314e+02 4.31796157e+02 1.40602600e-11 6.69714369e-13
8.76983001e+02 4.38491501e+02 1.37554191e-11 6.69714369e-13
8.90581322e+02 4.45290661e+02 1.34584935e-11 6.54856137e-13
9.04390495e+02 4.52195247e+02 1.31687881e-11 6.54856137e-13
9.05294885e+02 4.52647443e+02 1.31499639e-11 6.54856137e-13
9.96525069e+02 4.98262535e+02 1.14930547e-11 6.20899481e-13
1.09694888e+03 5.48474442e+02 1.00599731e-11 5.89508862e-13
1.20749281e+03 6.03746404e+02 8.81479633e-12 5.59680134e-13
1.32917668e+03 6.64588342e+02 7.73033662e-12 5.39124748e-13
1.46312313e+03 7.31561565e+02 6.78416004e-12 5.09887092e-13
1.61056790e+03 8.05283948e+02 5.95760746e-12 4.83243935e-13
1.77287126e+03 8.86435631e+02 5.23492195e-12 4.64523986e-13
1.95153058e+03 9.75765292e+02 4.60252103e-12 4.38680189e-13
2.14819412e+03 1.07409706e+03 4.04856536e-12 4.20201386e-13
2.36467623e+03 1.18233811e+03 3.56316091e-12 3.96722852e-13
2.60297410e+03 1.30148705e+03 3.13748582e-12 3.80072397e-13
2.86528621e+03 1.43264310e+03 2.76381878e-12 3.60441879e-13
3.15403255e+03 1.57701628e+03 2.43565998e-12 3.45740876e-13
3.47187702e+03 1.73593851e+03 2.14726116e-12 3.28090305e-13
3.82175194e+03 1.91087597e+03 1.89362372e-12 3.12707345e-13
4.20688516e+03 2.10344258e+03 1.67029026e-12 2.97036516e-13
4.63082980e+03 2.31541490e+03 1.47365874e-12 2.85970355e-13
5.09749702e+03 2.54874851e+03 1.30035169e-12 2.72350613e-13
5.61119217e+03 2.80559609e+03 1.14754915e-12 2.61038539e-13
6.17665444e+03 3.08832722e+03 1.01284298e-12 2.44122768e-13
6.79910059e+03 3.39955030e+03 8.93917865e-13 2.34619451e-13
7.48427314e+03 3.74213657e+03 7.88966796e-13 2.23040495e-13
8.23849326e+03 4.11924663e+03 6.96417537e-13 2.13241314e-13
9.06871915e+03 4.53435957e+03 6.14604021e-13 2.02668401e-13
9.98261023e+03 4.99130511e+03 5.42409689e-13 1.92722642e-13
1.09885978e+04 5.49429888e+03 4.78774201e-13 1.86535818e-13
1.20959627e+04 6.04798134e+03 4.22438281e-13 1.76739192e-13
1.33149212e+04 6.65746059e+03 3.72769128e-13 1.69116008e-13
1.46567190e+04 7.32835951e+03 3.28999185e-13 1.61209704e-13
1.61337352e+04 8.06686758e+03 2.90219804e-13 1.53673025e-13
1.77595961e+04 8.87979807e+03 2.56074079e-13 1.43834259e-13
1.95493016e+04 9.77465082e+03 2.25967329e-13 1.39640233e-13
2.15193629e+04 1.07596815e+04 1.99285914e-13 1.29749203e-13
2.36879551e+04 1.18439776e+04 1.75838917e-13 1.25512319e-13
2.60750850e+04 1.30375425e+04 1.55119856e-13 1.20568526e-13
2.87027756e+04 1.43513878e+04 1.36782398e-13 1.15301885e-13
3.15952690e+04 1.57976345e+04 1.20707878e-13 1.10118909e-13
3.47792505e+04 1.73896253e+04 1.06422962e-13 1.03163816e-13
3.82840946e+04 1.91420473e+04 9.38384955e-14 9.88446544e-14
4.21421359e+04 2.10710679e+04 8.28177743e-14 9.39225228e-14
4.63889673e+04 2.31944837e+04 7.29599259e-14 8.94934446e-14
5.10637690e+04 2.55318845e+04 6.43522154e-14 8.66426350e-14
5.62096691e+04 2.81048345e+04 5.67270853e-14 8.22498355e-14
6.18741421e+04 3.09370711e+04 4.99810984e-14 7.86118645e-14
6.81094467e+04 3.40547234e+04 4.40956065e-14 7.44262661e-14
7.49731079e+04 3.74865540e+04 3.88079094e-14 7.14037874e-14
8.25284477e+04 4.12642238e+04 3.42083658e-14 6.77308472e-14
9.08451692e+04 4.54225846e+04 3.01127285e-14 6.46238916e-14
1.00000000e+05 5.00000000e+04 2.65131977e-14 6.12881599e-14
