# alphaX=5.0e-03  r=1.5  mXstar=2.709184e+01  epsX_min=3.207658e-10  epsX_min_relic=2.769895e-08  SRatio_plateau=1.0004
# mX [GeV]    mY [GeV]    epsX_relic    epsX_bbn
2.70918447e+01 1.80612298e+01 2.76989475e-08 3.64445420e-12
2.87173554e+01 1.91449036e+01 2.45122832e-09 3.49687122e-12
2.91531854e+01 1.94354569e+01 1.88802031e-09 3.49687122e-12
2.95956298e+01 1.97304199e+01 1.53148629e-09 3.44803590e-12
3.00447889e+01 2.00298593e+01 1.28987937e-09 3.44803590e-12
3.05007648e+01 2.03338432e+01 1.11896288e-09 3.39988258e-12
3.09636607e+01 2.06424405e+01 9.93000351e-10 3.35526465e-12
3.14335818e+01 2.09557212e+01 8.94730834e-10 3.35526465e-12
3.19106347e+01 2.12737565e+01 8.16866937e-10 3.31121038e-12
3.23949276e+01 2.15966184e+01 7.52176352e-10 3.31121038e-12
3.28865704e+01 2.19243803e+01 4.69345480e-10 3.23815811e-12
3.33856747e+01 2.22571164e+01 4.56685021e-10 3.23815811e-12
3.38923536e+01 2.25949024e+01 4.44488847e-10 3.23815811e-12
3.44067221e+01 2.29378147e+01 4.33020626e-10 3.16671753e-12
3.49288970e+01 2.32859313e+01 4.22085788e-10 3.16671753e-12
3.54589966e+01 2.36393311e+01 4.11557275e-10 3.11745573e-12
3.59971414e+01 2.39980943e+01 4.01517278e-10 3.11745573e-12
3.65434533e+01 2.43623022e+01 3.91874410e-10 3.06896024e-12
3.70980564e+01 2.47320376e+01 3.82642598e-10 3.06896024e-12
3.76610764e+01 2.51073842e+01 3.73742277e-10 3.02852999e-12
3.82326410e+01 2.54884274e+01 3.65252765e-10 3.02852999e-12
3.88128801e+01 2.58752534e+01 3.56933225e-10 2.97158286e-12
3.94019252e+01 2.62679501e+01 3.48813579e-10 2.97158286e-12
3.99999099e+01 2.66666066e+01 3.40917876e-10 2.91570654e-12
4.06069700e+01 2.70713134e+01 3.33203727e-10 2.91570654e-12
4.12232432e+01 2.74821621e+01 3.25601698e-10 2.91570654e-12
4.18488692e+01 2.78992461e+01 3.18146375e-10 2.84466819e-12
4.24839901e+01 2.83226601e+01 3.10805467e-10 2.84466819e-12
4.31287499e+01 2.87524999e+01 3.03490182e-10 2.80708617e-12
4.37832950e+01 2.91888633e+01 2.96468389e-10 2.80708617e-12
4.44477737e+01 2.96318491e+01 2.88843839e-10 2.76998223e-12
4.51223370e+01 3.00815580e+01 2.80495175e-10 2.76998223e-12
4.58071378e+01 3.05380918e+01 2.71921919e-10 2.73335053e-12
4.65023314e+01 3.10015543e+01 2.63406329e-10 2.67085591e-12
4.72080758e+01 3.14720505e+01 2.53971060e-10 2.67085591e-12
4.79245308e+01 3.19496872e+01 2.43763559e-10 2.67085591e-12
4.86518592e+01 3.24345728e+01 2.32653246e-10 2.60979014e-12
4.93902259e+01 3.29268173e+01 2.19557424e-10 2.60979014e-12
5.01397985e+01 3.34265323e+01 2.04957104e-10 2.60979014e-12
5.09007470e+01 3.39338313e+01 1.87783608e-10 2.56721113e-12
5.16732440e+01 3.44488293e+01 1.68079190e-10 2.52532679e-12
5.24574648e+01 3.49716432e+01 1.47805463e-10 2.52532679e-12
5.32535875e+01 3.55023916e+01 1.30937178e-10 2.49181527e-12
5.40617925e+01 3.60411950e+01 1.17913538e-10 2.49181527e-12
5.48822632e+01 3.65881755e+01 1.07803869e-10 2.44301667e-12
5.57151859e+01 3.71434573e+01 9.97164268e-11 2.44301667e-12
5.65607494e+01 3.77071663e+01 9.31801316e-11 2.39517371e-12
5.74191457e+01 3.82794305e+01 8.75950101e-11 2.39517371e-12
5.82905694e+01 3.88603796e+01 8.30373978e-11 2.33333508e-12
5.91752184e+01 3.94501456e+01 7.90349131e-11 2.33333508e-12
6.00732932e+01 4.00488621e+01 7.53809578e-11 2.33333508e-12
6.09849977e+01 4.06566652e+01 7.20547598e-11 2.30228026e-12
6.19105388e+01 4.12736925e+01 6.90993904e-11 2.27162352e-12
6.28501263e+01 4.19000842e+01 6.63248299e-11 2.22343397e-12
6.38039735e+01 4.25359823e+01 6.37664380e-11 2.22343397e-12
6.47722968e+01 4.31815312e+01 6.14311505e-11 2.17626670e-12
6.57553160e+01 4.38368773e+01 5.91763995e-11 2.17626670e-12
6.67532539e+01 4.45021693e+01 5.70484841e-11 2.14447123e-12
6.77663371e+01 4.51775580e+01 5.50387768e-11 2.14447123e-12
6.87947953e+01 4.58631969e+01 5.31344015e-11 2.11314030e-12
6.98388620e+01 4.65592414e+01 5.12970641e-11 2.08491271e-12
7.08987741e+01 4.72658494e+01 4.95674569e-11 2.04757834e-12
7.19747719e+01 4.79831813e+01 4.79057440e-11 2.01091251e-12
7.30670996e+01 4.87113997e+01 4.63117154e-11 2.01091251e-12
7.41760051e+01 4.94506701e+01 4.47848607e-11 1.96586924e-12
7.53017399e+01 5.02011600e+01 4.33002194e-11 1.96586924e-12
7.64445595e+01 5.09630397e+01 4.19157910e-11 1.93953882e-12
7.76047232e+01 5.17364821e+01 4.05300237e-11 1.91354816e-12
7.87824941e+01 5.25216627e+01 3.91862772e-11 1.88789304e-12
7.99781394e+01 5.33187596e+01 3.78971999e-11 1.83757284e-12
8.11919306e+01 5.41279537e+01 3.66343933e-11 1.81289959e-12
8.24241428e+01 5.49494286e+01 3.54125023e-11 1.78854553e-12
8.36750558e+01 5.57833706e+01 3.42040316e-11 1.74500184e-12
8.49449534e+01 5.66299689e+01 3.30586280e-11 1.70251826e-12
8.62341235e+01 5.74894157e+01 3.18932396e-11 1.70251826e-12
8.75428588e+01 5.83619059e+01 3.07626399e-11 1.67238108e-12
8.88714562e+01 5.92476375e+01 2.96426631e-11 1.64277737e-12
9.02202171e+01 6.01468114e+01 2.85621760e-11 1.58656761e-12
9.15894475e+01 6.10596317e+01 2.74855508e-11 1.55322229e-12
9.29794580e+01 6.19863054e+01 2.64212389e-11 1.53096566e-12
9.43905642e+01 6.29270428e+01 2.53658306e-11 1.48861940e-12
9.58230860e+01 6.38820573e+01 2.42879003e-11 1.43518511e-12
9.72773485e+01 6.48515657e+01 2.32467320e-11 1.40264812e-12
9.87536817e+01 6.58357878e+01 2.22095344e-11 1.35820974e-12
1.00252421e+02 6.68349470e+01 2.11662430e-11 1.31389381e-12
1.01773905e+02 6.78492700e+01 2.01490913e-11 1.25632913e-12
1.03318480e+02 6.88789870e+01 1.91074492e-11 1.22234444e-12
1.04886497e+02 6.99243314e+01 1.80622367e-11 1.17735632e-12
1.06478311e+02 7.09855405e+01 1.70162099e-11 1.13043434e-12
1.08094283e+02 7.20628552e+01 1.59653325e-11 1.07424391e-12
1.09425120e+02 7.29500800e+01 1.51096688e-11 1.02476011e-12
1.09734780e+02 7.31565197e+01 1.49118024e-11 1.01070526e-12
1.10541703e+02 7.36944686e+01 1.43947955e-11 9.75108152e-13
1.11400173e+02 7.42667823e+01 1.38521686e-11 9.53853634e-13
1.11658286e+02 7.44388571e+01 1.36896306e-11 9.53853634e-13
1.12774869e+02 7.51832457e+01 1.29889984e-11 9.12724359e-13
1.13090842e+02 7.53938948e+01 1.27918231e-11 8.95938781e-13
1.13891451e+02 7.59276343e+01 1.22937449e-11 8.59271429e-13
1.14807169e+02 7.65381130e+01 1.17284084e-11 8.35709707e-13
1.15008034e+02 7.66720229e+01 1.16044545e-11 8.24163645e-13
1.16124617e+02 7.74164114e+01 1.09202471e-11 7.74370380e-13
1.16549545e+02 7.76996964e+01 1.06618357e-11 7.61152885e-13
1.17241200e+02 7.81608000e+01 1.02427243e-11 7.37783651e-13
1.18318363e+02 7.88789087e+01 9.59570824e-12 6.88748529e-13
1.18357783e+02 7.89051886e+01 9.57210349e-12 6.88748529e-13
1.19474366e+02 7.96495771e+01 8.90870838e-12 6.54856137e-13
1.20114026e+02 8.00760173e+01 8.53231976e-12 6.30538692e-13
1.20590949e+02 8.03939657e+01 8.25339918e-12 6.12230208e-13
1.21707531e+02 8.11383543e+01 7.60638067e-12 5.67630760e-13
1.21936941e+02 8.12912939e+01 7.47439462e-12 5.59680134e-13
1.22824114e+02 8.18827429e+01 6.96847780e-12 5.26705361e-13
1.23787521e+02 8.25250142e+01 6.42554280e-12 4.83243935e-13
1.23940697e+02 8.26271314e+01 6.34014702e-12 4.83243935e-13
1.25057280e+02 8.33715200e+01 5.72184094e-12 4.38680189e-13
1.25666187e+02 8.37774580e+01 5.38910102e-12 4.12728016e-13
1.26173863e+02 8.41159086e+01 5.11428672e-12 3.96722852e-13
1.27290446e+02 8.48602971e+01 4.51915868e-12 3.51749602e-13
1.27573364e+02 8.50489097e+01 4.37000863e-12 3.39834793e-13
1.28407029e+02 8.56046857e+01 3.93521822e-12 3.08235407e-13
1.29509486e+02 8.63396575e+01 3.37126075e-12 2.67232239e-13
1.29523611e+02 8.63490743e+01 3.36415782e-12 2.67232239e-13
1.30640194e+02 8.70934629e+01 2.80669467e-12 2.23040495e-13
1.31474992e+02 8.76499945e+01 2.39892033e-12 1.92722642e-13
1.31756777e+02 8.78378514e+01 2.26306778e-12 1.83211380e-13
1.32873360e+02 8.85822400e+01 1.73380619e-12 1.39640233e-13
1.33470327e+02 8.89802178e+01 1.45691797e-12 1.18787663e-13
1.33989943e+02 8.93266286e+01 1.21940500e-12 9.88446544e-14
1.35106526e+02 9.00710171e+01 7.20007752e-13 5.81495772e-14
1.35495944e+02 9.03306293e+01 5.49466875e-13 4.50810718e-14
1.36223109e+02 9.08154057e+01 2.36084438e-13 1.93017231e-14
1.37339691e+02 9.15597943e+01 2.32137894e-13 1.93017231e-14
1.37552303e+02 9.17015354e+01 3.19497317e-13 2.67095539e-14
1.38456274e+02 9.23041829e+01 6.84490778e-13 5.72697812e-14
1.39572857e+02 9.30485714e+01 1.12085296e-12 9.39225228e-14
1.39639871e+02 9.30932470e+01 1.14653250e-12 9.73749867e-14
1.40689440e+02 9.37929600e+01 1.54103922e-12 1.29749203e-13
1.41759120e+02 9.45060801e+01 1.92854411e-12 1.65115540e-13
1.41806023e+02 9.45373486e+01 1.94520074e-12 1.65115540e-13
1.42922606e+02 9.52817371e+01 2.33332379e-12 2.02668401e-13
1.43910533e+02 9.59403550e+01 2.66339384e-12 2.30845947e-13
1.44039189e+02 9.60261257e+01 2.70546548e-12 2.34619451e-13
1.45155771e+02 9.67705143e+01 3.06191694e-12 2.67232239e-13
1.46094596e+02 9.73963973e+01 3.34948808e-12 2.97036516e-13
1.46272354e+02 9.75149029e+01 3.40269419e-12 2.97036516e-13
1.47388937e+02 9.82592914e+01 3.72801137e-12 3.28090305e-13
1.48311806e+02 9.88745373e+01 3.98554530e-12 3.51749602e-13
1.48505520e+02 9.90036800e+01 4.03830509e-12 3.60441879e-13
1.49622103e+02 9.97480686e+01 4.33392540e-12 3.91095986e-13
1.50562665e+02 1.00375110e+02 4.57163693e-12 4.12728016e-13
1.50738686e+02 1.00492457e+02 4.61497361e-12 4.20201386e-13
1.51855269e+02 1.01236846e+02 4.88212042e-12 4.38680189e-13
1.52847685e+02 1.01898457e+02 5.10794173e-12 4.64523986e-13
1.52971851e+02 1.01981234e+02 5.13545532e-12 4.71166756e-13
1.54088434e+02 1.02725623e+02 5.37567829e-12 4.92884937e-13
1.55167384e+02 1.03444922e+02 5.59546437e-12 5.18228005e-13
1.55205017e+02 1.03470011e+02 5.60294007e-12 5.18228005e-13
1.56321600e+02 1.04214400e+02 5.81786514e-12 5.39124748e-13
1.57438183e+02 1.04958789e+02 6.02078641e-12 5.67630760e-13
1.57522287e+02 1.05014858e+02 6.03559862e-12 5.67630760e-13
1.58554766e+02 1.05703177e+02 6.21217073e-12 5.89508862e-13
1.59671349e+02 1.06447566e+02 6.39254123e-12 6.00762127e-13
1.59912930e+02 1.06608620e+02 6.43011023e-12 6.12230208e-13
1.60787931e+02 1.07191954e+02 6.56218902e-12 6.30538692e-13
1.61904514e+02 1.07936343e+02 6.72162475e-12 6.40327547e-13
1.62339854e+02 1.08226569e+02 6.78116605e-12 6.54856137e-13
1.63021097e+02 1.08680731e+02 6.87131473e-12 6.54856137e-13
1.64137680e+02 1.09425120e+02 7.01162860e-12 6.79167151e-13
1.64803611e+02 1.09869074e+02 7.09099045e-12 6.88748529e-13
1.67304759e+02 1.11536506e+02 7.36216756e-12 7.22671518e-13
1.69843865e+02 1.13229244e+02 7.59700198e-12 7.61152885e-13
1.72421507e+02 1.14947671e+02 7.79829101e-12 7.93338599e-13
1.75038268e+02 1.16692179e+02 7.96838324e-12 8.12771446e-13
1.77694743e+02 1.18463162e+02 8.10628348e-12 8.35709707e-13
1.80391534e+02 1.20261022e+02 8.22085680e-12 8.59271429e-13
1.83129252e+02 1.22086168e+02 8.31144013e-12 8.79461901e-13
1.85908520e+02 1.23939013e+02 8.38022558e-12 8.95938781e-13
1.88729967e+02 1.25819978e+02 8.42928024e-12 9.12724359e-13
1.91594235e+02 1.27729490e+02 8.47111020e-12 9.25463876e-13
1.94501972e+02 1.29667981e+02 8.48597300e-12 9.39551532e-13
1.97453838e+02 1.31635892e+02 8.48631468e-12 9.53853634e-13
2.00450503e+02 1.33633669e+02 8.47358485e-12 9.53853634e-13
2.03492647e+02 1.35661765e+02 8.44897480e-12 9.75108152e-13
2.06580961e+02 1.37720641e+02 8.41390200e-12 9.75108152e-13
2.09716144e+02 1.39810763e+02 8.36950353e-12 9.96836280e-13
2.12898909e+02 1.41932606e+02 8.31687935e-12 9.96836280e-13
2.16129977e+02 1.44086651e+02 8.25683294e-12 9.96836280e-13
2.19410082e+02 1.46273388e+02 8.19034203e-12 1.01070526e-12
2.22739967e+02 1.48493311e+02 8.11813291e-12 1.01070526e-12
2.26120388e+02 1.50746925e+02 8.04089907e-12 1.01070526e-12
2.29552112e+02 1.53034741e+02 7.95928110e-12 1.01070526e-12
2.33035918e+02 1.55357279e+02 7.87378055e-12 1.01070526e-12
2.36572596e+02 1.57715064e+02 7.78501308e-12 1.01070526e-12
2.40162949e+02 1.60108632e+02 7.69353810e-12 1.01070526e-12
2.43807790e+02 1.62538527e+02 7.59974043e-12 1.01070526e-12
2.47507948e+02 1.65005299e+02 7.50412036e-12 1.01070526e-12
2.51264261e+02 1.67509508e+02 7.40687192e-12 1.01070526e-12
2.55077583e+02 1.70051722e+02 7.30843924e-12 1.01070526e-12
2.58948777e+02 1.72632518e+02 7.20899098e-12 1.01070526e-12
2.62878722e+02 1.75252482e+02 7.10882763e-12 1.01070526e-12
2.66868311e+02 1.77912207e+02 7.00809505e-12 9.96836280e-13
2.70918447e+02 1.80612298e+02 6.90690226e-12 9.96836280e-13
2.71189366e+02 1.80792911e+02 6.90017696e-12 9.96836280e-13
3.05953092e+02 2.03968728e+02 6.09540289e-12 9.53853634e-13
3.45173175e+02 2.30115450e+02 5.33518974e-12 9.25463876e-13
3.89420874e+02 2.59613916e+02 4.64331835e-12 8.79461901e-13
4.39340680e+02 2.92893787e+02 4.02660133e-12 8.47411628e-13
4.95659699e+02 3.30439799e+02 3.48326877e-12 7.93338599e-13
5.59198245e+02 3.72798830e+02 2.91664545e-12 7.37783651e-13
6.30881788e+02 4.20587859e+02 2.47745977e-12 6.79167151e-13
7.11754434e+02 4.74502956e+02 2.11622436e-12 6.40327547e-13
8.02994132e+02 5.35329422e+02 1.81183018e-12 6.00762127e-13
9.05929835e+02 6.03953223e+02 1.55271949e-12 5.59680134e-13
1.02206085e+03 6.81373900e+02 1.33164222e-12 5.26705361e-13
1.15307868e+03 7.68719123e+02 1.14367399e-12 4.92884937e-13
1.30089168e+03 8.67261117e+02 9.81351708e-13 4.71166756e-13
1.46765279e+03 9.78435195e+02 8.42495711e-13 4.38680189e-13
1.65579099e+03 1.10386066e+03 7.22818993e-13 4.12728016e-13
1.86804660e+03 1.24536440e+03 6.20333790e-13 3.91095986e-13
2.10751123e+03 1.40500749e+03 5.32651566e-13 3.69348955e-13
2.37767279e+03 1.58511519e+03 4.56949015e-13 3.45740876e-13
2.68246633e+03 1.78831088e+03 3.92114206e-13 3.21333822e-13
3.02633130e+03 2.01755420e+03 3.36735583e-13 3.08235407e-13
3.41427628e+03 2.27618418e+03 2.88951157e-13 2.90399490e-13
3.85195186e+03 2.56796791e+03 2.47969165e-13 2.72350613e-13
4.34573302e+03 2.89715535e+03 2.12938877e-13 2.57282256e-13
4.90281191e+03 3.26854127e+03 1.83139109e-13 2.38454639e-13
5.53130267e+03 3.68753511e+03 1.56901771e-13 2.27510138e-13
6.24035956e+03 4.16023971e+03 1.34782518e-13 2.13241314e-13
7.04031036e+03 4.69354024e+03 1.15828293e-13 1.98326784e-13
7.94280673e+03 5.29520449e+03 9.93658468e-14 1.89920579e-13
8.96099399e+03 5.97399599e+03 8.51935199e-14 1.76739192e-13
1.01097025e+04 6.73980168e+03 7.31026733e-14 1.65115540e-13
1.14056638e+04 7.60377589e+03 6.26655199e-14 1.58561506e-13
1.28677542e+04 8.57850283e+03 5.36184364e-14 1.47576719e-13
1.45172698e+04 9.67817988e+03 4.59312174e-14 1.39640233e-13
1.63782366e+04 1.09188244e+04 3.92753112e-14 1.29749203e-13
1.84777603e+04 1.23185069e+04 3.35866598e-14 1.23229499e-13
2.08464218e+04 1.38976145e+04 2.86904755e-14 1.17032233e-13
2.35187216e+04 1.56791477e+04 2.44672786e-14 1.10118909e-13
2.65335832e+04 1.76890554e+04 2.08452625e-14 1.03163816e-13
2.99349194e+04 1.99566129e+04 1.77904720e-14 9.73749867e-14
3.37722724e+04 2.25148483e+04 1.51324025e-14 9.19604565e-14
3.81015352e+04 2.54010234e+04 1.28651350e-14 8.66426350e-14
4.29857655e+04 2.86571770e+04 1.09175038e-14 8.10194578e-14
4.84961046e+04 3.23307364e+04 9.26968951e-15 7.62735131e-14
5.47128133e+04 3.64752089e+04 7.86163096e-15 7.14037874e-14
6.17264410e+04 4.11509607e+04 6.65996021e-15 6.77308472e-14
6.96391446e+04 4.64260964e+04 5.63662466e-15 6.36495012e-14
7.85661766e+04 5.23774510e+04 4.76768569e-15 5.99183110e-14
8.86375635e+04 5.90917090e+04 4.03064256e-15 5.62041873e-14
1.00000000e+05 6.66666667e+04 3.40678794e-15 5.31248991e-14
