# alphaX=1.0e-03  r=1.5  mXstar=10.388976900219625  epsX_min=4.5732609927228905e-10  SRatio_plateau=2.5193
# mX [GeV]    mY [GeV]    epsX_relic    epsX_bbn_Neff
1.28650694e+01 8.57671294e+00 8.49472781e-11 6.17551740e-12
1.33784370e+01 8.91895801e+00 7.22127378e-11 6.02223721e-12
1.38918046e+01 9.26120308e+00 6.32604626e-11 5.90625027e-12
1.44051722e+01 9.60344815e+00 5.65611869e-11 5.80444532e-12
1.49185398e+01 9.94569322e+00 5.12784379e-11 5.69035239e-12
1.54319074e+01 1.02879383e+01 4.70163598e-11 5.57265218e-12
1.59452750e+01 1.06301834e+01 4.35018089e-11 5.50091543e-12
1.64586427e+01 1.09724284e+01 4.05088526e-11 5.34969847e-12
1.69720103e+01 1.13146735e+01 3.79610689e-11 5.29376205e-12
1.74853779e+01 1.16569186e+01 3.57529558e-11 5.20426807e-12
1.79987455e+01 1.19991636e+01 3.38194314e-11 5.07563109e-12
1.85121131e+01 1.23414087e+01 3.21070133e-11 5.03014726e-12
1.90254807e+01 1.26836538e+01 3.05732781e-11 4.92426143e-12
1.95388483e+01 1.30258989e+01 2.91902539e-11 4.88984199e-12
2.00522159e+01 1.33681439e+01 2.79462251e-11 4.81563346e-12
2.05655835e+01 1.37103890e+01 2.67901423e-11 4.71063970e-12
2.10789511e+01 1.40526341e+01 2.57315703e-11 4.65816903e-12
2.15923187e+01 1.43948791e+01 2.47550250e-11 4.63423210e-12
2.21056863e+01 1.47371242e+01 2.38525327e-11 4.56685695e-12
2.26190539e+01 1.50793693e+01 2.30132242e-11 4.50510563e-12
2.31324215e+01 1.54216144e+01 2.22225775e-11 4.44585143e-12
2.36457891e+01 1.57638594e+01 2.14798949e-11 4.38907854e-12
2.41591567e+01 1.61061045e+01 2.08116880e-11 4.33473938e-12
2.46725244e+01 1.64483496e+01 2.01610240e-11 4.27541841e-12
2.51858920e+01 1.67905946e+01 1.95494428e-11 4.21496065e-12
2.56992596e+01 1.71328397e+01 1.89729952e-11 4.21129427e-12
2.62126272e+01 1.74750848e+01 1.84278178e-11 4.11303425e-12
2.67259948e+01 1.78173299e+01 1.79126281e-11 4.08870124e-12
2.72393624e+01 1.81595749e+01 1.74249997e-11 4.06347102e-12
2.77527300e+01 1.85018200e+01 1.69628949e-11 4.03729642e-12
2.82660976e+01 1.88440651e+01 1.65240341e-11 3.95788345e-12
2.87794652e+01 1.91863101e+01 1.61053379e-11 3.92220751e-12
2.92928328e+01 1.95285552e+01 1.57027271e-11 3.88378243e-12
2.98062004e+01 1.98708003e+01 1.53202474e-11 3.88393971e-12
3.03195680e+01 2.02130453e+01 1.49743296e-11 3.80434560e-12
3.08329356e+01 2.05552904e+01 1.46287487e-11 3.77515970e-12
3.13463032e+01 2.08975355e+01 1.42948222e-11 3.74564494e-12
3.18596708e+01 2.12397806e+01 1.39755803e-11 3.73157452e-12
3.23730384e+01 2.15820256e+01 1.36697693e-11 3.68732414e-12
3.28864061e+01 2.19242707e+01 1.33759082e-11 3.64333672e-12
3.33997737e+01 2.22665158e+01 1.30938553e-11 3.64966147e-12
3.39131413e+01 2.26087608e+01 1.28227850e-11 3.61048543e-12
3.44265089e+01 2.29510059e+01 1.25619628e-11 3.57415431e-12
3.49398765e+01 2.32932510e+01 1.23108399e-11 3.55135664e-12
3.54532441e+01 2.36354961e+01 1.20688304e-11 3.49998121e-12
3.59666117e+01 2.39777411e+01 1.18354019e-11 3.49499020e-12
3.64799793e+01 2.43199862e+01 1.16101305e-11 3.44411511e-12
3.69933469e+01 2.46622313e+01 1.13925215e-11 3.43566436e-12
3.75067145e+01 2.50044763e+01 1.11821476e-11 3.41579499e-12
3.80200821e+01 2.53467214e+01 1.09786895e-11 3.39819403e-12
3.85334497e+01 2.56889665e+01 1.07812158e-11 3.33831482e-12
3.90468173e+01 2.60312116e+01 1.05867230e-11 3.32488641e-12
3.95601849e+01 2.63734566e+01 1.04004216e-11 3.29966626e-12
4.00735525e+01 2.67157017e+01 1.02198027e-11 3.27376713e-12
4.05869201e+01 2.70579468e+01 1.00443401e-11 3.24948981e-12
4.11002878e+01 2.74001918e+01 9.88681472e-12 3.22566979e-12
4.16136554e+01 2.77424369e+01 9.72138316e-12 3.20234277e-12
4.21270230e+01 2.80846820e+01 9.56115063e-12 3.17945540e-12
4.26403906e+01 2.84269270e+01 9.40575424e-12 3.15706209e-12
4.31537582e+01 2.87691721e+01 9.25469107e-12 3.13514256e-12
4.36671258e+01 2.91114172e+01 9.10791877e-12 3.11371858e-12
4.41804934e+01 2.94536623e+01 8.96534115e-12 3.09275669e-12
4.46938610e+01 2.97959073e+01 8.82669390e-12 3.07227153e-12
4.52072286e+01 3.01381524e+01 8.69170705e-12 3.05225652e-12
4.57205962e+01 3.04803975e+01 8.55944716e-12 3.03269362e-12
4.62339638e+01 3.08226425e+01 8.43075771e-12 3.01355544e-12
4.67473314e+01 3.11648876e+01 8.30547635e-12 2.99483577e-12
4.72606990e+01 3.15071327e+01 8.18339313e-12 2.97650773e-12
4.77740666e+01 3.18493778e+01 8.06440262e-12 2.98265063e-12
4.82874342e+01 3.21916228e+01 7.94840482e-12 2.96274296e-12
4.88008018e+01 3.25338679e+01 7.83524520e-12 2.94311197e-12
4.93141695e+01 3.28761130e+01 7.72483603e-12 2.92376703e-12
4.98275371e+01 3.32183580e+01 7.61704279e-12 2.90471459e-12
5.03409047e+01 3.35606031e+01 7.51180670e-12 2.88595771e-12
5.08542723e+01 3.39028482e+01 7.40900894e-12 2.86751623e-12
5.13676399e+01 3.42450933e+01 7.30857833e-12 2.84938298e-12
5.18810075e+01 3.45873383e+01 7.21026487e-12 2.83026796e-12
5.23943751e+01 3.49295834e+01 7.11364287e-12 2.80886216e-12
5.29077427e+01 3.52718285e+01 7.01919370e-12 2.78758467e-12
5.34211103e+01 3.56140735e+01 6.92678167e-12 2.80349576e-12
5.39344779e+01 3.59563186e+01 6.83637606e-12 2.78228909e-12
5.44478455e+01 3.62985637e+01 6.74787570e-12 2.76131017e-12
5.49612131e+01 3.66408087e+01 6.66122067e-12 2.71409134e-12
5.54745807e+01 3.69830538e+01 6.57637269e-12 2.70660810e-12
5.59879483e+01 3.73252989e+01 6.49320368e-12 2.69883223e-12
5.65013159e+01 3.76675440e+01 6.41175163e-12 2.69076313e-12
5.70146835e+01 3.80097890e+01 6.33182817e-12 2.68238505e-12
5.75280511e+01 3.83520341e+01 6.25353616e-12 2.63829141e-12
5.80414188e+01 3.86942792e+01 6.17648373e-12 2.62936548e-12
5.85547864e+01 3.90365242e+01 6.10035667e-12 2.61559630e-12
5.90681540e+01 3.93787693e+01 6.02554380e-12 2.60000342e-12
5.95815216e+01 3.97210144e+01 5.95220289e-12 2.58481167e-12
6.00948892e+01 4.00632595e+01 5.88026627e-12 2.57001655e-12
6.06082568e+01 4.04055045e+01 5.80963781e-12 2.55562399e-12
6.11216244e+01 4.07477496e+01 5.74029127e-12 2.56624091e-12
6.16349920e+01 4.10899947e+01 5.67215508e-12 2.52407682e-12
6.21483596e+01 4.14322397e+01 5.61250092e-12 2.51450733e-12
6.26617272e+01 4.17744848e+01 5.54655468e-12 2.50378147e-12
6.31750948e+01 4.21167299e+01 5.48178359e-12 2.49219901e-12
6.36884624e+01 4.24589749e+01 5.41810073e-12 2.47996846e-12
