# alphaX=1.0e-02  r=2.5  mX_therm=2.807674e+02  eps_therm=3.310346e-09  GoH_thresh=0.05  mX_join_max=2.709911e+02
# mX [GeV]    mY [GeV]    epsX_relic    epsX_bbn    Och2    GoH_handoff   regime  (0=joint, 1=secluded)
2.80767429e+02 1.12306972e+02 1.00000000e-01 nan 1.20000000e-01 nan 0.00000000e+00
2.80767429e+02 1.12306972e+02 3.31034597e-08 nan 1.20031766e-01 7.02747458e+04 0.00000000e+00
2.80767429e+02 1.12306972e+02 2.73237342e-08 nan 1.20031766e-01 4.78776270e+04 0.00000000e+00
2.80767429e+02 1.12306972e+02 2.25531245e-08 nan 1.20031766e-01 3.26186475e+04 0.00000000e+00
2.80767429e+02 1.12306972e+02 1.86154434e-08 nan 1.20029051e-01 2.22228259e+04 0.00000000e+00
2.80767429e+02 1.12306972e+02 1.53652649e-08 nan 1.20029861e-01 1.51402350e+04 0.00000000e+00
2.80767429e+02 1.12306972e+02 1.26825539e-08 nan 1.20035436e-01 1.03149220e+04 0.00000000e+00
2.80767429e+02 1.12306972e+02 1.04682331e-08 nan 1.20034067e-01 7.02747458e+03 0.00000000e+00
2.12068008e+02 8.48272034e+01 8.64052341e-09 4.32411153e-13 1.46067316e-01 1.38607577e+01 0.00000000e+00
1.87163821e+02 7.48655285e+01 7.13192419e-09 4.57971617e-13 1.19815226e-01 1.29461528e+01 0.00000000e+00
1.84862622e+02 7.39450487e+01 6.62069194e-09 4.64523986e-13 1.19958437e-01 1.23496174e+01 0.00000000e+00
1.81366558e+02 7.25466231e+01 5.91133209e-09 4.64523986e-13 1.20090183e-01 1.13057873e+01 0.00000000e+00
1.81239609e+02 7.24958437e+01 5.88672008e-09 4.64523986e-13 1.20092294e-01 1.12633244e+01 0.00000000e+00
1.77648007e+02 7.10592028e+01 5.20197224e-09 4.71166756e-13 1.20054716e-01 9.96313067e+00 0.00000000e+00
1.75780457e+02 7.03121828e+01 4.85892339e-09 4.71166756e-13 1.20019539e-01 9.24263142e+00 0.00000000e+00
1.73701536e+02 6.94806142e+01 4.49261239e-09 4.71166756e-13 1.19998804e-01 8.46421476e+00 0.00000000e+00
1.70770618e+02 6.83082472e+01 4.01057570e-09 4.83243935e-13 1.20000495e-01 7.46499510e+00 0.00000000e+00
1.69281817e+02 6.77127266e+01 3.78325253e-09 4.83243935e-13 1.19999110e-01 7.00889039e+00 0.00000000e+00
1.65945914e+02 6.63783654e+01 3.31034597e-09 4.83243935e-13 1.20000178e-01 6.08620856e+00 0.00000000e+00
1.64149172e+02 6.56596686e+01 3.07389268e-09 4.92884937e-13 1.20007207e-01 5.63484894e+00 0.00000000e+00
1.58244347e+02 6.32977390e+01 2.36453283e-09 4.92884937e-13 1.20023729e-01 4.28079670e+00 0.00000000e+00
1.57273691e+02 6.29094763e+01 2.25531245e-09 5.02718283e-13 1.20030669e-01 4.06896984e+00 0.00000000e+00
1.51839116e+02 6.07356464e+01 1.65517298e-09 5.09887092e-13 1.20052822e-01 2.86827033e+00 0.00000000e+00
1.50795531e+02 6.03182122e+01 1.53652649e-09 5.09887092e-13 1.20052773e-01 2.62128649e+00 0.00000000e+00
1.47339342e+02 5.89357366e+01 1.04682331e-09 5.18228005e-13 1.20094875e-01 1.56680789e+00 0.00000000e+00
1.44524750e+02 5.78099000e+01 7.13192419e-10 5.18228005e-13 1.20018850e-01 1.08350004e+00 0.00000000e+00
1.45980211e+02 5.83920845e+01 4.85892339e-10 5.18228005e-13 1.19792665e-01 1.10873923e+00 0.00000000e+00
1.53356306e+02 6.13425224e+01 3.31034597e-10 5.09887092e-13 1.20013275e-01 1.15124831e+00 0.00000000e+00
1.63266501e+02 6.53066003e+01 2.25531245e-10 4.92884937e-13 1.20046479e-01 1.21713051e+00 0.00000000e+00
1.78660871e+02 7.14643483e+01 1.53652649e-10 4.71166756e-13 1.20119196e-01 1.32268272e+00 0.00000000e+00
1.99655657e+02 7.98622628e+01 1.04682331e-10 4.38680189e-13 1.20050702e-01 4.90758940e-01 0.00000000e+00
2.29979641e+02 9.19918565e+01 7.13192419e-11 4.12728016e-13 1.20040058e-01 1.48297151e-01 0.00000000e+00
2.70991063e+02 1.08396425e+02 4.85892339e-11 3.80072397e-13 1.20040562e-01 5.21035958e-02 0.00000000e+00
2.87250527e+02 1.14900211e+02 4.25729377e-11 3.69348955e-13 1.20000000e-01 nan 1.00000000e+00
2.93836829e+02 1.17534732e+02 4.05867767e-11 3.60441879e-13 1.20000000e-01 nan 1.00000000e+00
3.00574148e+02 1.20229659e+02 3.87500796e-11 3.60441879e-13 1.20000000e-01 nan 1.00000000e+00
3.07465945e+02 1.22986378e+02 3.70321230e-11 3.60441879e-13 1.20000000e-01 nan 1.00000000e+00
3.14515762e+02 1.25806305e+02 3.53939958e-11 3.51749602e-13 1.20000000e-01 nan 1.00000000e+00
3.21727223e+02 1.28690889e+02 3.38593179e-11 3.51749602e-13 1.20000000e-01 nan 1.00000000e+00
3.29104034e+02 1.31641614e+02 3.24183233e-11 3.45740876e-13 1.20000000e-01 nan 1.00000000e+00
3.36649986e+02 1.34659994e+02 3.10674413e-11 3.39834793e-13 1.20000000e-01 nan 1.00000000e+00
3.44368958e+02 1.37747583e+02 2.97822146e-11 3.39834793e-13 1.20000000e-01 nan 1.00000000e+00
3.52264916e+02 1.40905966e+02 2.85707721e-11 3.34988853e-13 1.20000000e-01 nan 1.00000000e+00
3.60341919e+02 1.44136768e+02 2.74248126e-11 3.28090305e-13 1.20000000e-01 nan 1.00000000e+00
3.68604117e+02 1.47441647e+02 2.63425078e-11 3.28090305e-13 1.20000000e-01 nan 1.00000000e+00
3.77055758e+02 1.50822303e+02 2.53162726e-11 3.21333822e-13 1.20000000e-01 nan 1.00000000e+00
3.85701185e+02 1.54280474e+02 2.43410895e-11 3.21333822e-13 1.20000000e-01 nan 1.00000000e+00
3.94544840e+02 1.57817936e+02 2.34132953e-11 3.12707345e-13 1.20000000e-01 nan 1.00000000e+00
4.03591270e+02 1.61436508e+02 2.25303963e-11 3.12707345e-13 1.20000000e-01 nan 1.00000000e+00
4.12845123e+02 1.65138049e+02 2.16962076e-11 3.08235407e-13 1.20000000e-01 nan 1.00000000e+00
4.22311156e+02 1.68924462e+02 2.08998070e-11 3.03825230e-13 1.20000000e-01 nan 1.00000000e+00
4.31994233e+02 1.72797693e+02 2.01377505e-11 3.03825230e-13 1.20000000e-01 nan 1.00000000e+00
4.41899332e+02 1.76759733e+02 1.94079558e-11 2.97036516e-13 1.20000000e-01 nan 1.00000000e+00
4.52031542e+02 1.80812617e+02 1.87139752e-11 2.97036516e-13 1.20000000e-01 nan 1.00000000e+00
4.62396071e+02 1.84958428e+02 1.80548367e-11 2.90399490e-13 1.20000000e-01 nan 1.00000000e+00
4.72998246e+02 1.89199298e+02 1.74225684e-11 2.90399490e-13 1.20000000e-01 nan 1.00000000e+00
4.83843516e+02 1.93537407e+02 1.68123627e-11 2.85970355e-13 1.20000000e-01 nan 1.00000000e+00
4.94937455e+02 1.97974982e+02 1.62267611e-11 2.81608773e-13 1.20000000e-01 nan 1.00000000e+00
5.06285765e+02 2.02514306e+02 1.56691102e-11 2.77567021e-13 1.20000000e-01 nan 1.00000000e+00
5.17894277e+02 2.07157711e+02 1.51377520e-11 2.77567021e-13 1.20000000e-01 nan 1.00000000e+00
5.29768958e+02 2.11907583e+02 1.46249148e-11 2.72350613e-13 1.20000000e-01 nan 1.00000000e+00
5.41915911e+02 2.16766364e+02 1.41295530e-11 2.67232239e-13 1.20000000e-01 nan 1.00000000e+00
5.54341379e+02 2.21736551e+02 1.36516243e-11 2.67232239e-13 1.20000000e-01 nan 1.00000000e+00
5.67051747e+02 2.26820699e+02 1.31955588e-11 2.61038539e-13 1.20000000e-01 nan 1.00000000e+00
5.80053549e+02 2.32021420e+02 1.27598877e-11 2.61038539e-13 1.20000000e-01 nan 1.00000000e+00
5.93353466e+02 2.37341386e+02 1.23381930e-11 2.57282256e-13 1.20000000e-01 nan 1.00000000e+00
6.06958334e+02 2.42783333e+02 1.19307972e-11 2.53578187e-13 1.20000000e-01 nan 1.00000000e+00
6.20875145e+02 2.48350058e+02 1.15365805e-11 2.49925631e-13 1.20000000e-01 nan 1.00000000e+00
6.35111051e+02 2.54044420e+02 1.11572466e-11 2.49925631e-13 1.20000000e-01 nan 1.00000000e+00
6.49673369e+02 2.59869348e+02 1.07929488e-11 2.44122768e-13 1.20000000e-01 nan 1.00000000e+00
6.64569583e+02 2.65827833e+02 1.04517843e-11 2.44122768e-13 1.20000000e-01 nan 1.00000000e+00
6.79807349e+02 2.71922940e+02 1.01123122e-11 2.38454639e-13 1.20000000e-01 nan 1.00000000e+00
6.95394499e+02 2.78157799e+02 9.77313409e-12 2.38454639e-13 1.20000000e-01 nan 1.00000000e+00
7.11339042e+02 2.84535617e+02 9.45728671e-12 2.34619451e-13 1.20000000e-01 nan 1.00000000e+00
7.27649175e+02 2.91059670e+02 9.16295907e-12 2.30845947e-13 1.20000000e-01 nan 1.00000000e+00
7.44333279e+02 2.97733311e+02 8.86627442e-12 2.30845947e-13 1.20000000e-01 nan 1.00000000e+00
7.61399929e+02 3.04559971e+02 8.58204525e-12 2.27510138e-13 1.20000000e-01 nan 1.00000000e+00
7.78857896e+02 3.11543158e+02 8.30773627e-12 2.23040495e-13 1.20000000e-01 nan 1.00000000e+00
7.94374000e+02 3.17749600e+02 8.07596288e-12 2.23040495e-13 1.20000000e-01 nan 1.00000000e+00
7.96716153e+02 3.18686461e+02 8.04202623e-12 2.23040495e-13 1.20000000e-01 nan 1.00000000e+00
8.14726750e+02 3.25890700e+02 7.78812716e-12 2.18658662e-13 1.20000000e-01 nan 1.00000000e+00
8.14983878e+02 3.25993551e+02 7.78459853e-12 2.18658662e-13 1.20000000e-01 nan 1.00000000e+00
8.33670460e+02 3.33468184e+02 7.53513235e-12 2.13241314e-13 1.20000000e-01 nan 1.00000000e+00
8.35079500e+02 3.34031800e+02 7.51691122e-12 2.13241314e-13 1.20000000e-01 nan 1.00000000e+00
8.52785502e+02 3.41114201e+02 7.29533261e-12 2.13241314e-13 1.20000000e-01 nan 1.00000000e+00
8.55432250e+02 3.42172900e+02 7.26312928e-12 2.13241314e-13 1.20000000e-01 nan 1.00000000e+00
8.72338828e+02 3.48935531e+02 7.03132004e-12 2.10151559e-13 1.20000000e-01 nan 1.00000000e+00
8.75785000e+02 3.50314000e+02 6.98650670e-12 2.10151559e-13 1.20000000e-01 nan 1.00000000e+00
8.92340489e+02 3.56936195e+02 6.78480634e-12 2.07105061e-13 1.20000000e-01 nan 1.00000000e+00
8.96137750e+02 3.58455100e+02 6.74083069e-12 2.07105061e-13 1.20000000e-01 nan 1.00000000e+00
9.12800763e+02 3.65120305e+02 6.55508598e-12 2.02668401e-13 1.20000000e-01 nan 1.00000000e+00
9.16490500e+02 3.66596200e+02 6.51558546e-12 2.02668401e-13 1.20000000e-01 nan 1.00000000e+00
9.33730165e+02 3.73492066e+02 6.33662236e-12 2.02668401e-13 1.20000000e-01 nan 1.00000000e+00
9.36843250e+02 3.74737300e+02 6.30538900e-12 2.02668401e-13 1.20000000e-01 nan 1.00000000e+00
9.55139454e+02 3.82055782e+02 6.12796871e-12 1.98326784e-13 1.20000000e-01 nan 1.00000000e+00
9.57196000e+02 3.82878400e+02 6.10874830e-12 1.98326784e-13 1.20000000e-01 nan 1.00000000e+00
9.77039631e+02 3.90815852e+02 5.92803300e-12 1.98326784e-13 1.20000000e-01 nan 1.00000000e+00
9.77548750e+02 3.91019500e+02 5.92353128e-12 1.98326784e-13 1.20000000e-01 nan 1.00000000e+00
9.97901500e+02 3.99160600e+02 5.74848986e-12 1.92722642e-13 1.20000000e-01 nan 1.00000000e+00
9.99441952e+02 3.99776781e+02 5.73550919e-12 1.92722642e-13 1.20000000e-01 nan 1.00000000e+00
1.01825425e+03 4.07301700e+02 5.58230429e-12 1.92722642e-13 1.20000000e-01 nan 1.00000000e+00
1.02235793e+03 4.08943173e+02 5.54978534e-12 1.92722642e-13 1.20000000e-01 nan 1.00000000e+00
1.03860700e+03 4.15442800e+02 5.42441038e-12 1.89920579e-13 1.20000000e-01 nan 1.00000000e+00
1.04579935e+03 4.18319738e+02 5.37049987e-12 1.89920579e-13 1.20000000e-01 nan 1.00000000e+00
1.05895975e+03 4.23583900e+02 5.27438021e-12 1.89920579e-13 1.20000000e-01 nan 1.00000000e+00
1.06977824e+03 4.27911297e+02 5.19788197e-12 1.86535818e-13 1.20000000e-01 nan 1.00000000e+00
1.07931250e+03 4.31725000e+02 5.13194540e-12 1.86535818e-13 1.20000000e-01 nan 1.00000000e+00
1.09430695e+03 4.37722779e+02 5.03124283e-12 1.86535818e-13 1.20000000e-01 nan 1.00000000e+00
1.11939807e+03 4.47759226e+02 4.87022664e-12 1.83211380e-13 1.20000000e-01 nan 1.00000000e+00
1.14506449e+03 4.58025796e+02 4.71468530e-12 1.79353228e-13 1.20000000e-01 nan 1.00000000e+00
1.17131942e+03 4.68527767e+02 4.56426396e-12 1.79353228e-13 1.20000000e-01 nan 1.00000000e+00
1.19817634e+03 4.79270534e+02 4.41875145e-12 1.76739192e-13 1.20000000e-01 nan 1.00000000e+00
1.22564905e+03 4.90259620e+02 4.27820606e-12 1.74161975e-13 1.20000000e-01 nan 1.00000000e+00
1.25375168e+03 5.01500672e+02 4.14229768e-12 1.74161975e-13 1.20000000e-01 nan 1.00000000e+00
1.28249867e+03 5.12999468e+02 4.01079870e-12 1.71621078e-13 1.20000000e-01 nan 1.00000000e+00
1.31190479e+03 5.24761918e+02 3.88356700e-12 1.69116008e-13 1.20000000e-01 nan 1.00000000e+00
1.34198516e+03 5.36794065e+02 3.76044434e-12 1.65115540e-13 1.20000000e-01 nan 1.00000000e+00
1.37275524e+03 5.49102095e+02 3.64130593e-12 1.65115540e-13 1.20000000e-01 nan 1.00000000e+00
1.40423083e+03 5.61692333e+02 3.52612992e-12 1.61209704e-13 1.20000000e-01 nan 1.00000000e+00
1.43642813e+03 5.74571250e+02 3.41457654e-12 1.61209704e-13 1.20000000e-01 nan 1.00000000e+00
1.46936366e+03 5.87745465e+02 3.30661028e-12 1.58561506e-13 1.20000000e-01 nan 1.00000000e+00
1.50305437e+03 6.01221748e+02 3.20210072e-12 1.58561506e-13 1.20000000e-01 nan 1.00000000e+00
1.53751757e+03 6.15007026e+02 3.10093107e-12 1.55956810e-13 1.20000000e-01 nan 1.00000000e+00
1.57277096e+03 6.29108384e+02 3.00304469e-12 1.53673025e-13 1.20000000e-01 nan 1.00000000e+00
1.60883267e+03 6.43533068e+02 2.90829406e-12 1.50594027e-13 1.20000000e-01 nan 1.00000000e+00
1.64572123e+03 6.58288493e+02 2.81654262e-12 1.50594027e-13 1.20000000e-01 nan 1.00000000e+00
1.68345560e+03 6.73382241e+02 2.72773953e-12 1.47576719e-13 1.20000000e-01 nan 1.00000000e+00
1.72205518e+03 6.88822071e+02 2.64179197e-12 1.47576719e-13 1.20000000e-01 nan 1.00000000e+00
1.76153979e+03 7.04615917e+02 2.55853717e-12 1.43834259e-13 1.20000000e-01 nan 1.00000000e+00
1.80192974e+03 7.20771896e+02 2.47792338e-12 1.43834259e-13 1.20000000e-01 nan 1.00000000e+00
1.84324578e+03 7.37298312e+02 2.39994346e-12 1.41722256e-13 1.20000000e-01 nan 1.00000000e+00
1.88550915e+03 7.54203659e+02 2.32433134e-12 1.39640233e-13 1.20000000e-01 nan 1.00000000e+00
1.92874156e+03 7.71496625e+02 2.25119678e-12 1.36591108e-13 1.20000000e-01 nan 1.00000000e+00
1.97296524e+03 7.89186097e+02 2.18037987e-12 1.36591108e-13 1.20000000e-01 nan 1.00000000e+00
2.01820292e+03 8.07281167e+02 2.11178074e-12 1.33608564e-13 1.20000000e-01 nan 1.00000000e+00
2.06447784e+03 8.25791135e+02 2.04535721e-12 1.33608564e-13 1.20000000e-01 nan 1.00000000e+00
2.11181378e+03 8.44725514e+02 1.98103282e-12 1.29749203e-13 1.20000000e-01 nan 1.00000000e+00
2.16023509e+03 8.64094035e+02 1.91871240e-12 1.29749203e-13 1.20000000e-01 nan 1.00000000e+00
2.20976663e+03 8.83906652e+02 1.85838858e-12 1.27837429e-13 1.20000000e-01 nan 1.00000000e+00
2.26043387e+03 9.04173548e+02 1.79994369e-12 1.27837429e-13 1.20000000e-01 nan 1.00000000e+00
2.31226285e+03 9.24905140e+02 1.74334655e-12 1.25512319e-13 1.20000000e-01 nan 1.00000000e+00
2.36528020e+03 9.46112081e+02 1.68851370e-12 1.23229499e-13 1.20000000e-01 nan 1.00000000e+00
2.41951318e+03 9.67805272e+02 1.63540291e-12 1.23229499e-13 1.20000000e-01 nan 1.00000000e+00
2.47498965e+03 9.89995861e+02 1.58394866e-12 1.20568526e-13 1.20000000e-01 nan 1.00000000e+00
2.53173813e+03 1.01269525e+03 1.53411895e-12 1.18787663e-13 1.20000000e-01 nan 1.00000000e+00
2.58978778e+03 1.03591511e+03 1.48598487e-12 1.18787663e-13 1.20000000e-01 nan 1.00000000e+00
2.64916844e+03 1.05966738e+03 1.43918033e-12 1.17032233e-13 1.20000000e-01 nan 1.00000000e+00
2.70991063e+03 1.08396425e+03 1.39383118e-12 1.15301885e-13 1.20000000e-01 nan 1.00000000e+00
2.71262054e+03 1.08504822e+03 1.39186400e-12 1.15301885e-13 1.20000000e-01 nan 1.00000000e+00
2.83744436e+03 1.13497775e+03 1.30612478e-12 1.12680601e-13 1.20000000e-01 nan 1.00000000e+00
2.96801208e+03 1.18720483e+03 1.22555919e-12 1.10118909e-13 1.20000000e-01 nan 1.00000000e+00
3.10458798e+03 1.24183519e+03 1.14982964e-12 1.06752106e-13 1.20000000e-01 nan 1.00000000e+00
3.24744856e+03 1.29897943e+03 1.07866130e-12 1.03163816e-13 1.20000000e-01 nan 1.00000000e+00
3.39688301e+03 1.35875320e+03 1.01171859e-12 1.01196945e-13 1.20000000e-01 nan 1.00000000e+00
3.55319382e+03 1.42127753e+03 9.48729690e-13 9.88446544e-14 1.20000000e-01 nan 1.00000000e+00
3.71669743e+03 1.48667897e+03 8.89472302e-13 9.59264517e-14 1.20000000e-01 nan 1.00000000e+00
3.88772481e+03 1.55508992e+03 8.33690190e-13 9.39225228e-14 1.20000000e-01 nan 1.00000000e+00
4.06662218e+03 1.62664887e+03 7.81163674e-13 9.19604565e-14 1.20000000e-01 nan 1.00000000e+00
4.25375168e+03 1.70150067e+03 7.31702681e-13 8.94934446e-14 1.20000000e-01 nan 1.00000000e+00
4.44949212e+03 1.77979685e+03 6.85094949e-13 8.66426350e-14 1.20000000e-01 nan 1.00000000e+00
4.65423975e+03 1.86169590e+03 6.41164603e-13 8.34982687e-14 1.20000000e-01 nan 1.00000000e+00
4.86840904e+03 1.94736361e+03 5.99755371e-13 8.10194578e-14 1.20000000e-01 nan 1.00000000e+00
5.09243353e+03 2.03697341e+03 5.60712516e-13 7.98068837e-14 1.20000000e-01 nan 1.00000000e+00
5.32676672e+03 2.13070669e+03 5.23867255e-13 7.74341549e-14 1.20000000e-01 nan 1.00000000e+00
5.57188297e+03 2.22875319e+03 4.89109987e-13 7.44262661e-14 1.20000000e-01 nan 1.00000000e+00
5.82827849e+03 2.33131139e+03 4.56313584e-13 7.26237571e-14 1.20000000e-01 nan 1.00000000e+00
6.09647228e+03 2.43858891e+03 4.25339381e-13 7.02043114e-14 1.20000000e-01 nan 1.00000000e+00
6.37700728e+03 2.55080291e+03 3.96107321e-13 6.77308472e-14 1.20000000e-01 nan 1.00000000e+00
6.67045135e+03 2.66818054e+03 3.68510630e-13 6.46238916e-14 1.20000000e-01 nan 1.00000000e+00
6.97739854e+03 2.79095942e+03 3.42403962e-13 6.26893262e-14 1.20000000e-01 nan 1.00000000e+00
7.29847019e+03 2.91938808e+03 3.17759374e-13 5.99183110e-14 1.20000000e-01 nan 1.00000000e+00
7.63431627e+03 3.05372651e+03 2.94486689e-13 5.81495772e-14 1.20000000e-01 nan 1.00000000e+00
7.98561662e+03 3.19424665e+03 2.72477434e-13 5.62041873e-14 1.20000000e-01 nan 1.00000000e+00
8.35308239e+03 3.34123296e+03 2.51696599e-13 5.39430463e-14 1.20000000e-01 nan 1.00000000e+00
8.73745745e+03 3.49498298e+03 2.32075935e-13 5.15244605e-14 1.20000000e-01 nan 1.00000000e+00
9.13951989e+03 3.65580796e+03 2.13520734e-13 4.91540790e-14 1.20000000e-01 nan 1.00000000e+00
9.56008363e+03 3.82403345e+03 1.96010850e-13 4.68927468e-14 1.20000000e-01 nan 1.00000000e+00
1.00000000e+04 4.00000000e+03 1.79493220e-13 4.40113156e-14 1.20000000e-01 nan 1.00000000e+00
