# alphaX=1.0e-02  r=2.5  mX_therm=2.807674e+02  eps_therm=6.552831e-09  GoH_thresh=0.05  mX_join_max=2.080029e+02
# mX [GeV]    mY [GeV]    epsX_relic    epsX_bbn    Och2    GoH_handoff   regime  (0=joint, 1=secluded)
2.80767429e+02 1.12306972e+02 1.00000000e-01 nan 1.20000000e-01 nan 0.00000000e+00
2.80767429e+02 1.12306972e+02 6.55283132e-08 nan 1.20031766e-01 7.02747458e+04 0.00000000e+00
2.80767429e+02 1.12306972e+02 5.40873440e-08 nan 1.20031766e-01 4.78776270e+04 0.00000000e+00
2.80767429e+02 1.12306972e+02 4.46439201e-08 nan 1.20031766e-01 3.26186475e+04 0.00000000e+00
2.80767429e+02 1.12306972e+02 3.68492785e-08 nan 1.20029051e-01 2.22228259e+04 0.00000000e+00
2.80767429e+02 1.12306972e+02 3.04155487e-08 nan 1.20029862e-01 1.51402350e+04 0.00000000e+00
2.80767429e+02 1.12306972e+02 2.51051212e-08 nan 1.20035436e-01 1.03149220e+04 0.00000000e+00
2.80767429e+02 1.12306972e+02 2.07218721e-08 nan 1.20034067e-01 7.02747458e+03 0.00000000e+00
1.78827372e+02 7.15309489e+01 1.41176471e-08 1.09629902e-12 1.15745584e-01 1.16213476e+01 0.00000000e+00
1.76050843e+02 7.04203371e+01 1.31056626e-08 1.14969230e-12 1.16570946e-01 1.04139845e+01 0.00000000e+00
1.72460767e+02 6.89843067e+01 1.17014845e-08 1.22234444e-12 1.17561032e-01 8.69955718e+00 0.00000000e+00
1.72323959e+02 6.89295837e+01 1.16527650e-08 1.22234444e-12 1.17586401e-01 8.64184722e+00 0.00000000e+00
1.68635270e+02 6.74541081e+01 1.02973064e-08 1.28851708e-12 1.18425383e-01 7.16895730e+00 0.00000000e+00
1.61511835e+02 6.46047341e+01 7.93893639e-09 1.40264812e-12 1.19763612e-01 5.04803017e+00 0.00000000e+00
1.60018358e+02 6.40073433e+01 7.48895008e-09 1.43518511e-12 1.19960260e-01 4.68356190e+00 0.00000000e+00
1.58104398e+02 6.32417593e+01 6.55283132e-09 1.46847687e-12 1.21861773e-01 3.97372503e+00 0.00000000e+00
1.56930979e+02 6.27723914e+01 6.08477194e-09 1.48861940e-12 1.22555853e-01 3.61999380e+00 0.00000000e+00
1.50540493e+02 6.02161972e+01 4.68059380e-09 1.58656761e-12 1.20133656e-01 2.54484327e+00 0.00000000e+00
1.49912679e+02 5.99650717e+01 4.46439201e-09 1.58656761e-12 1.20131997e-01 2.38613041e+00 0.00000000e+00
1.47266651e+02 5.89066603e+01 3.27641566e-09 1.64277737e-12 1.20099637e-01 1.52965795e+00 0.00000000e+00
1.46988128e+02 5.87952512e+01 3.04155487e-09 1.64277737e-12 1.20047722e-01 1.36562357e+00 0.00000000e+00
1.43569235e+02 5.74276941e+01 2.07218721e-09 1.70251826e-12 1.20424586e-01 1.08953599e+00 0.00000000e+00
1.47594928e+02 5.90379712e+01 1.41176471e-09 1.64277737e-12 1.19982908e-01 1.11731475e+00 0.00000000e+00
1.54325344e+02 6.17301375e+01 9.61824102e-10 1.53096566e-12 1.19964972e-01 1.15782728e+00 0.00000000e+00
1.62561398e+02 6.50245591e+01 6.55283132e-10 1.40264812e-12 1.19987649e-01 1.21208406e+00 0.00000000e+00
1.72706484e+02 6.90825937e+01 4.46439201e-10 1.22234444e-12 1.20049893e-01 1.28201222e+00 0.00000000e+00
1.83226772e+02 7.32907087e+01 3.04155487e-10 1.01070526e-12 1.20055734e-01 1.35541952e+00 0.00000000e+00
1.92723153e+02 7.70892611e+01 2.07218721e-10 7.93338599e-13 1.19962819e-01 8.34287078e-01 0.00000000e+00
2.01097076e+02 8.04388304e+01 1.41176471e-10 6.12230208e-13 1.19959472e-01 4.50635893e-01 0.00000000e+00
2.08002942e+02 8.32011766e+01 9.61824102e-11 4.48222128e-13 1.20124602e-01 3.25819886e-01 0.00000000e+00
2.20483118e+02 8.81932472e+01 3.09796027e-11 1.61209704e-13 1.20000000e-01 nan 1.00000000e+00
2.20483118e+02 8.81932472e+01 3.09813641e-11 1.61209704e-13 1.20000000e-01 nan 1.00000000e+00
2.22313452e+02 8.89253808e+01 2.27830807e-11 1.20568526e-13 1.20000000e-01 nan 1.00000000e+00
2.24143786e+02 8.96575143e+01 1.49929190e-11 8.10194578e-14 1.20000000e-01 nan 1.00000000e+00
2.25538526e+02 9.02154103e+01 9.33206350e-12 5.15244605e-14 1.20000000e-01 nan 1.00000000e+00
2.25974120e+02 9.03896479e+01 7.60927222e-12 4.17649218e-14 1.20000000e-01 nan 1.00000000e+00
2.27804454e+02 9.11217814e+01 6.10891873e-13 3.41954454e-15 1.20000000e-01 nan 1.00000000e+00
2.29634787e+02 9.18539150e+01 6.01796484e-12 3.39798337e-14 1.20000000e-01 nan 1.00000000e+00
2.30709848e+02 9.22839391e+01 9.74165603e-12 5.62041873e-14 1.20000000e-01 nan 1.00000000e+00
2.31465121e+02 9.25860485e+01 1.22877111e-11 7.14037874e-14 1.20000000e-01 nan 1.00000000e+00
2.33295455e+02 9.33181820e+01 1.81995679e-11 1.08422440e-13 1.20000000e-01 nan 1.00000000e+00
2.35125789e+02 9.40503156e+01 2.37987790e-11 1.43834259e-13 1.20000000e-01 nan 1.00000000e+00
2.35999742e+02 9.43998968e+01 2.63581778e-11 1.61209704e-13 1.20000000e-01 nan 1.00000000e+00
2.36956123e+02 9.47824491e+01 2.90778157e-11 1.79353228e-13 1.20000000e-01 nan 1.00000000e+00
2.38786457e+02 9.55145827e+01 3.40571212e-11 2.13241314e-13 1.20000000e-01 nan 1.00000000e+00
2.40616791e+02 9.62467162e+01 3.87185777e-11 2.44122768e-13 1.20000000e-01 nan 1.00000000e+00
2.41410927e+02 9.65643707e+01 4.06634701e-11 2.57282256e-13 1.20000000e-01 nan 1.00000000e+00
2.42447124e+02 9.69788498e+01 4.31294493e-11 2.77567021e-13 1.20000000e-01 nan 1.00000000e+00
2.44277458e+02 9.77109833e+01 4.72282261e-11 3.08235407e-13 1.20000000e-01 nan 1.00000000e+00
2.46107792e+02 9.84431168e+01 5.10859813e-11 3.39834793e-13 1.20000000e-01 nan 1.00000000e+00
2.46946183e+02 9.87784734e+01 5.27712039e-11 3.51749602e-13 1.20000000e-01 nan 1.00000000e+00
2.47938126e+02 9.91752504e+01 5.46913874e-11 3.69348955e-13 1.20000000e-01 nan 1.00000000e+00
2.49768460e+02 9.99073839e+01 5.80546147e-11 3.96722852e-13 1.20000000e-01 nan 1.00000000e+00
2.51598794e+02 1.00639517e+02 6.12013309e-11 4.20201386e-13 1.20000000e-01 nan 1.00000000e+00
2.52608357e+02 1.01043343e+02 6.28499923e-11 4.38680189e-13 1.20000000e-01 nan 1.00000000e+00
2.53429128e+02 1.01371651e+02 6.41490675e-11 4.48222128e-13 1.20000000e-01 nan 1.00000000e+00
2.55259461e+02 1.02103785e+02 6.68666274e-11 4.71166756e-13 1.20000000e-01 nan 1.00000000e+00
2.57089795e+02 1.02835918e+02 6.93912646e-11 4.92884937e-13 1.20000000e-01 nan 1.00000000e+00
2.58400357e+02 1.03360143e+02 7.11002787e-11 5.18228005e-13 1.20000000e-01 nan 1.00000000e+00
2.58920129e+02 1.03568052e+02 7.17444702e-11 5.18228005e-13 1.20000000e-01 nan 1.00000000e+00
2.60750463e+02 1.04300185e+02 7.39248768e-11 5.39124748e-13 1.20000000e-01 nan 1.00000000e+00
2.62580797e+02 1.05032319e+02 7.59366925e-11 5.67630760e-13 1.20000000e-01 nan 1.00000000e+00
2.64325160e+02 1.05730064e+02 7.76298724e-11 5.89508862e-13 1.20000000e-01 nan 1.00000000e+00
2.64411131e+02 1.05764452e+02 7.77125670e-11 5.89508862e-13 1.20000000e-01 nan 1.00000000e+00
2.66241465e+02 1.06496586e+02 7.94337043e-11 6.12230208e-13 1.20000000e-01 nan 1.00000000e+00
2.68071798e+02 1.07228719e+02 8.09860701e-11 6.30538692e-13 1.20000000e-01 nan 1.00000000e+00
2.69902132e+02 1.07960853e+02 8.24162400e-11 6.40327547e-13 1.20000000e-01 nan 1.00000000e+00
2.70385812e+02 1.08154325e+02 8.27713140e-11 6.54856137e-13 1.20000000e-01 nan 1.00000000e+00
2.71732466e+02 1.08692986e+02 8.37187983e-11 6.54856137e-13 1.20000000e-01 nan 1.00000000e+00
2.73562800e+02 1.09425120e+02 8.48898135e-11 6.79167151e-13 1.20000000e-01 nan 1.00000000e+00
2.76585428e+02 1.10634171e+02 8.65828628e-11 7.07868929e-13 1.20000000e-01 nan 1.00000000e+00
2.82927193e+02 1.13170877e+02 8.93134294e-11 7.61152885e-13 1.20000000e-01 nan 1.00000000e+00
2.89414367e+02 1.15765747e+02 9.10493094e-11 7.93338599e-13 1.20000000e-01 nan 1.00000000e+00
2.96050283e+02 1.18420113e+02 9.20082407e-11 8.35709707e-13 1.20000000e-01 nan 1.00000000e+00
3.02838353e+02 1.21135341e+02 9.23706456e-11 8.59271429e-13 1.20000000e-01 nan 1.00000000e+00
3.09782066e+02 1.23912826e+02 9.21768367e-11 8.95938781e-13 1.20000000e-01 nan 1.00000000e+00
3.16884989e+02 1.26753996e+02 9.15082543e-11 9.25463876e-13 1.20000000e-01 nan 1.00000000e+00
3.24150773e+02 1.29660309e+02 9.05005122e-11 9.39551532e-13 1.20000000e-01 nan 1.00000000e+00
3.31583153e+02 1.32633261e+02 8.92449100e-11 9.53853634e-13 1.20000000e-01 nan 1.00000000e+00
3.39185949e+02 1.35674380e+02 8.77407678e-11 9.75108152e-13 1.20000000e-01 nan 1.00000000e+00
3.46963067e+02 1.38785227e+02 8.60597057e-11 9.75108152e-13 1.20000000e-01 nan 1.00000000e+00
3.54918505e+02 1.41967402e+02 8.42648614e-11 9.96836280e-13 1.20000000e-01 nan 1.00000000e+00
3.63056351e+02 1.45222541e+02 8.23780780e-11 9.96836280e-13 1.20000000e-01 nan 1.00000000e+00
3.71380789e+02 1.48552315e+02 8.04501510e-11 1.01070526e-12 1.20000000e-01 nan 1.00000000e+00
3.79896095e+02 1.51958438e+02 7.84558906e-11 1.01070526e-12 1.20000000e-01 nan 1.00000000e+00
3.88606647e+02 1.55442659e+02 7.64434383e-11 1.01070526e-12 1.20000000e-01 nan 1.00000000e+00
3.97516921e+02 1.59006768e+02 7.44221028e-11 1.01070526e-12 1.20000000e-01 nan 1.00000000e+00
4.06631497e+02 1.62652599e+02 7.24096940e-11 1.01070526e-12 1.20000000e-01 nan 1.00000000e+00
4.15955059e+02 1.66382024e+02 7.04287693e-11 1.01070526e-12 1.20000000e-01 nan 1.00000000e+00
4.25492399e+02 1.70196959e+02 6.84596108e-11 1.01070526e-12 1.20000000e-01 nan 1.00000000e+00
4.35248418e+02 1.74099367e+02 6.65123469e-11 1.01070526e-12 1.20000000e-01 nan 1.00000000e+00
4.45228131e+02 1.78091252e+02 6.45897160e-11 9.96836280e-13 1.20000000e-01 nan 1.00000000e+00
4.55436666e+02 1.82174666e+02 6.27288735e-11 9.96836280e-13 1.20000000e-01 nan 1.00000000e+00
4.65879271e+02 1.86351708e+02 6.09070498e-11 9.96836280e-13 1.20000000e-01 nan 1.00000000e+00
4.76561312e+02 1.90624525e+02 5.91200140e-11 9.75108152e-13 1.20000000e-01 nan 1.00000000e+00
4.87488278e+02 1.94995311e+02 5.73595601e-11 9.75108152e-13 1.20000000e-01 nan 1.00000000e+00
4.98665787e+02 1.99466315e+02 5.56398862e-11 9.75108152e-13 1.20000000e-01 nan 1.00000000e+00
5.10099583e+02 2.04039833e+02 5.39907948e-11 9.53853634e-13 1.20000000e-01 nan 1.00000000e+00
5.21795541e+02 2.08718216e+02 5.23848865e-11 9.53853634e-13 1.20000000e-01 nan 1.00000000e+00
5.33759673e+02 2.13503869e+02 5.08132551e-11 9.53853634e-13 1.20000000e-01 nan 1.00000000e+00
5.45998129e+02 2.18399251e+02 4.92742465e-11 9.39551532e-13 1.20000000e-01 nan 1.00000000e+00
5.58517197e+02 2.23406879e+02 4.77736697e-11 9.39551532e-13 1.20000000e-01 nan 1.00000000e+00
5.71323311e+02 2.28529325e+02 4.63373693e-11 9.25463876e-13 1.20000000e-01 nan 1.00000000e+00
5.84423055e+02 2.33769222e+02 4.49435593e-11 9.25463876e-13 1.20000000e-01 nan 1.00000000e+00
5.97823159e+02 2.39129264e+02 4.35776987e-11 9.12724359e-13 1.20000000e-01 nan 1.00000000e+00
6.11530512e+02 2.44612205e+02 4.22529763e-11 9.12724359e-13 1.20000000e-01 nan 1.00000000e+00
6.25552157e+02 2.50220863e+02 4.09585660e-11 8.95938781e-13 1.20000000e-01 nan 1.00000000e+00
6.39895301e+02 2.55958121e+02 3.97118552e-11 8.95938781e-13 1.20000000e-01 nan 1.00000000e+00
6.54567316e+02 2.61826927e+02 3.84938674e-11 8.79461901e-13 1.20000000e-01 nan 1.00000000e+00
6.69575743e+02 2.67830297e+02 3.73532504e-11 8.79461901e-13 1.20000000e-01 nan 1.00000000e+00
6.84928294e+02 2.73971318e+02 3.62170785e-11 8.59271429e-13 1.20000000e-01 nan 1.00000000e+00
7.00632861e+02 2.80253144e+02 3.50685675e-11 8.59271429e-13 1.20000000e-01 nan 1.00000000e+00
7.16697513e+02 2.86679005e+02 3.39931715e-11 8.47411628e-13 1.20000000e-01 nan 1.00000000e+00
7.33130509e+02 2.93252204e+02 3.29873537e-11 8.47411628e-13 1.20000000e-01 nan 1.00000000e+00
7.49940293e+02 2.99976117e+02 3.19704442e-11 8.35709707e-13 1.20000000e-01 nan 1.00000000e+00
7.67135505e+02 3.06854202e+02 3.09947080e-11 8.24163645e-13 1.20000000e-01 nan 1.00000000e+00
7.84724982e+02 3.13889993e+02 3.00458389e-11 8.12771446e-13 1.20000000e-01 nan 1.00000000e+00
7.94374000e+02 3.17749600e+02 2.95445604e-11 8.12771446e-13 1.20000000e-01 nan 1.00000000e+00
8.02717765e+02 3.21087106e+02 2.91226220e-11 8.12771446e-13 1.20000000e-01 nan 1.00000000e+00
8.14726750e+02 3.25890700e+02 2.85319449e-11 7.93338599e-13 1.20000000e-01 nan 1.00000000e+00
8.21123099e+02 3.28449240e+02 2.82260636e-11 7.93338599e-13 1.20000000e-01 nan 1.00000000e+00
8.35079500e+02 3.34031800e+02 2.75756348e-11 7.93338599e-13 1.20000000e-01 nan 1.00000000e+00
8.39950446e+02 3.35980178e+02 2.73552842e-11 7.93338599e-13 1.20000000e-01 nan 1.00000000e+00
8.55432250e+02 3.42172900e+02 2.66777662e-11 7.74370380e-13 1.20000000e-01 nan 1.00000000e+00
8.59209480e+02 3.43683792e+02 2.65170817e-11 7.74370380e-13 1.20000000e-01 nan 1.00000000e+00
8.75785000e+02 3.50314000e+02 2.54712491e-11 7.61152885e-13 1.20000000e-01 nan 1.00000000e+00
8.78910100e+02 3.51564040e+02 2.53059268e-11 7.61152885e-13 1.20000000e-01 nan 1.00000000e+00
8.96137750e+02 3.58455100e+02 2.44755431e-11 7.48160995e-13 1.20000000e-01 nan 1.00000000e+00
8.99062432e+02 3.59624973e+02 2.43444673e-11 7.48160995e-13 1.20000000e-01 nan 1.00000000e+00
9.16490500e+02 3.66596200e+02 2.35985143e-11 7.37783651e-13 1.20000000e-01 nan 1.00000000e+00
9.19676832e+02 3.67870733e+02 2.34684904e-11 7.37783651e-13 1.20000000e-01 nan 1.00000000e+00
9.36843250e+02 3.74737300e+02 2.27952305e-11 7.22671518e-13 1.20000000e-01 nan 1.00000000e+00
9.40763895e+02 3.76305558e+02 2.26476006e-11 7.22671518e-13 1.20000000e-01 nan 1.00000000e+00
9.57196000e+02 3.82878400e+02 2.20528027e-11 7.22671518e-13 1.20000000e-01 nan 1.00000000e+00
9.62334458e+02 3.84933783e+02 2.18733073e-11 7.22671518e-13 1.20000000e-01 nan 1.00000000e+00
9.77548750e+02 3.91019500e+02 2.13593764e-11 7.07868929e-13 1.20000000e-01 nan 1.00000000e+00
9.84399608e+02 3.93759843e+02 2.11350332e-11 7.07868929e-13 1.20000000e-01 nan 1.00000000e+00
9.97901500e+02 3.99160600e+02 2.07074590e-11 7.07868929e-13 1.20000000e-01 nan 1.00000000e+00
1.00697068e+03 4.02788274e+02 2.04290923e-11 6.88748529e-13 1.20000000e-01 nan 1.00000000e+00
1.01825425e+03 4.07301700e+02 2.00919626e-11 6.88748529e-13 1.20000000e-01 nan 1.00000000e+00
1.03005929e+03 4.12023715e+02 1.97510216e-11 6.88748529e-13 1.20000000e-01 nan 1.00000000e+00
1.03860700e+03 4.15442800e+02 1.95105137e-11 6.88748529e-13 1.20000000e-01 nan 1.00000000e+00
1.05367729e+03 4.21470914e+02 1.90989903e-11 6.79167151e-13 1.20000000e-01 nan 1.00000000e+00
1.05895975e+03 4.23583900e+02 1.89588322e-11 6.79167151e-13 1.20000000e-01 nan 1.00000000e+00
1.07783681e+03 4.31134726e+02 1.84736411e-11 6.69714369e-13 1.20000000e-01 nan 1.00000000e+00
1.07931250e+03 4.31725000e+02 1.84366465e-11 6.69714369e-13 1.20000000e-01 nan 1.00000000e+00
1.10255029e+03 4.41020117e+02 1.78717835e-11 6.54856137e-13 1.20000000e-01 nan 1.00000000e+00
1.12783042e+03 4.51132167e+02 1.72919245e-11 6.54856137e-13 1.20000000e-01 nan 1.00000000e+00
1.15369019e+03 4.61476075e+02 1.67323785e-11 6.40327547e-13 1.20000000e-01 nan 1.00000000e+00
1.18014289e+03 4.72057156e+02 1.61926128e-11 6.40327547e-13 1.20000000e-01 nan 1.00000000e+00
1.20720212e+03 4.82880848e+02 1.56715753e-11 6.30538692e-13 1.20000000e-01 nan 1.00000000e+00
1.23488179e+03 4.93952714e+02 1.51697060e-11 6.20899481e-13 1.20000000e-01 nan 1.00000000e+00
1.26319611e+03 5.05278445e+02 1.46843490e-11 6.20899481e-13 1.20000000e-01 nan 1.00000000e+00
1.29215965e+03 5.16863860e+02 1.42154784e-11 6.12230208e-13 1.20000000e-01 nan 1.00000000e+00
1.32178729e+03 5.28714915e+02 1.37629073e-11 6.00762127e-13 1.20000000e-01 nan 1.00000000e+00
1.35209425e+03 5.40837700e+02 1.33253327e-11 5.89508862e-13 1.20000000e-01 nan 1.00000000e+00
1.38309611e+03 5.53238446e+02 1.29026518e-11 5.89508862e-13 1.20000000e-01 nan 1.00000000e+00
1.41480881e+03 5.65923526e+02 1.24938845e-11 5.75690269e-13 1.20000000e-01 nan 1.00000000e+00
1.44724865e+03 5.78899459e+02 1.20987910e-11 5.75690269e-13 1.20000000e-01 nan 1.00000000e+00
1.48043228e+03 5.92172914e+02 1.17165695e-11 5.67630760e-13 1.20000000e-01 nan 1.00000000e+00
1.51437678e+03 6.05750713e+02 1.13473805e-11 5.59680134e-13 1.20000000e-01 nan 1.00000000e+00
1.54909959e+03 6.19639834e+02 1.09898429e-11 5.51836976e-13 1.20000000e-01 nan 1.00000000e+00
1.58461854e+03 6.33847417e+02 1.06442643e-11 5.51836976e-13 1.20000000e-01 nan 1.00000000e+00
1.62095190e+03 6.48380761e+02 1.03101955e-11 5.39124748e-13 1.20000000e-01 nan 1.00000000e+00
1.65811834e+03 6.63247337e+02 9.98660226e-12 5.39124748e-13 1.20000000e-01 nan 1.00000000e+00
1.69613697e+03 6.78454786e+02 9.67388415e-12 5.26705361e-13 1.20000000e-01 nan 1.00000000e+00
1.73502731e+03 6.94010923e+02 9.37152376e-12 5.26705361e-13 1.20000000e-01 nan 1.00000000e+00
1.77480936e+03 7.09923743e+02 9.07851981e-12 5.18228005e-13 1.20000000e-01 nan 1.00000000e+00
1.81550356e+03 7.26201424e+02 8.79540506e-12 5.09887092e-13 1.20000000e-01 nan 1.00000000e+00
1.85713083e+03 7.42852333e+02 8.52133479e-12 5.09887092e-13 1.20000000e-01 nan 1.00000000e+00
1.89971257e+03 7.59885027e+02 8.25603639e-12 5.02718283e-13 1.20000000e-01 nan 1.00000000e+00
1.94327065e+03 7.77308259e+02 7.99940888e-12 4.92884937e-13 1.20000000e-01 nan 1.00000000e+00
1.98782746e+03 7.95130985e+02 7.75113441e-12 4.83243935e-13 1.20000000e-01 nan 1.00000000e+00
2.03340591e+03 8.13362364e+02 7.51194880e-12 4.83243935e-13 1.20000000e-01 nan 1.00000000e+00
2.08002942e+03 8.32011766e+02 7.27922252e-12 4.71166756e-13 1.20000000e-01 nan 1.00000000e+00
2.08210945e+03 8.32843778e+02 7.26912311e-12 4.71166756e-13 1.20000000e-01 nan 1.00000000e+00
2.19787724e+03 8.79150896e+02 6.74412772e-12 4.64523986e-13 1.20000000e-01 nan 1.00000000e+00
2.32008186e+03 9.28032746e+02 6.25855177e-12 4.48222128e-13 1.20000000e-01 nan 1.00000000e+00
2.44908121e+03 9.79632485e+02 5.80909962e-12 4.38680189e-13 1.20000000e-01 nan 1.00000000e+00
2.58525308e+03 1.03410123e+03 5.39310513e-12 4.26231705e-13 1.20000000e-01 nan 1.00000000e+00
2.72899627e+03 1.09159851e+03 5.00787327e-12 4.12728016e-13 1.20000000e-01 nan 1.00000000e+00
2.88073175e+03 1.15229270e+03 4.65108702e-12 4.05387562e-13 1.20000000e-01 nan 1.00000000e+00
3.04090391e+03 1.21636156e+03 4.32055768e-12 3.96722852e-13 1.20000000e-01 nan 1.00000000e+00
3.20998183e+03 1.28399273e+03 4.01425859e-12 3.85546173e-13 1.20000000e-01 nan 1.00000000e+00
3.38846069e+03 1.35538427e+03 3.73035559e-12 3.74673655e-13 1.20000000e-01 nan 1.00000000e+00
3.57686318e+03 1.43074527e+03 3.46701738e-12 3.60441879e-13 1.20000000e-01 nan 1.00000000e+00
3.77574109e+03 1.51029644e+03 3.22278488e-12 3.51749602e-13 1.20000000e-01 nan 1.00000000e+00
3.98567684e+03 1.59427074e+03 2.99617261e-12 3.45740876e-13 1.20000000e-01 nan 1.00000000e+00
4.20728528e+03 1.68291411e+03 2.78586275e-12 3.34988853e-13 1.20000000e-01 nan 1.00000000e+00
4.44121541e+03 1.77648617e+03 2.59062239e-12 3.28090305e-13 1.20000000e-01 nan 1.00000000e+00
4.68815234e+03 1.87526094e+03 2.40927487e-12 3.12707345e-13 1.20000000e-01 nan 1.00000000e+00
4.94881927e+03 1.97952771e+03 2.24087555e-12 3.08235407e-13 1.20000000e-01 nan 1.00000000e+00
5.22397958e+03 2.08959183e+03 2.08439179e-12 2.97036516e-13 1.20000000e-01 nan 1.00000000e+00
5.51443914e+03 2.20577566e+03 1.93897930e-12 2.90399490e-13 1.20000000e-01 nan 1.00000000e+00
5.82104861e+03 2.32841944e+03 1.80384121e-12 2.85970355e-13 1.20000000e-01 nan 1.00000000e+00
6.14470592e+03 2.45788237e+03 1.67816479e-12 2.77567021e-13 1.20000000e-01 nan 1.00000000e+00
6.48635898e+03 2.59454359e+03 1.56140104e-12 2.67232239e-13 1.20000000e-01 nan 1.00000000e+00
6.84700836e+03 2.73880334e+03 1.45273452e-12 2.61038539e-13 1.20000000e-01 nan 1.00000000e+00
7.22771027e+03 2.89108411e+03 1.35163247e-12 2.57282256e-13 1.20000000e-01 nan 1.00000000e+00
7.62957968e+03 3.05183187e+03 1.25768313e-12 2.49925631e-13 1.20000000e-01 nan 1.00000000e+00
8.05379350e+03 3.22151740e+03 1.17017634e-12 2.38454639e-13 1.20000000e-01 nan 1.00000000e+00
8.50159413e+03 3.40063765e+03 1.08884292e-12 2.34619451e-13 1.20000000e-01 nan 1.00000000e+00
8.97429301e+03 3.58971720e+03 1.01314696e-12 2.30845947e-13 1.20000000e-01 nan 1.00000000e+00
9.47327452e+03 3.78930981e+03 9.42696302e-13 2.23040495e-13 1.20000000e-01 nan 1.00000000e+00
1.00000000e+04 4.00000000e+03 8.77177146e-13 2.18658662e-13 1.20000000e-01 nan 1.00000000e+00
