# alphaX=1.0e-03  r=2.5  mX_therm=2.856647e+01  eps_therm=4.028734e-09  GoH_thresh=0.05  mX_join_max=3.576545e+01
# mX [GeV]    mY [GeV]    epsX_relic    epsX_bbn    Och2    GoH_handoff   regime  (0=joint, 1=secluded)
2.85664680e+01 1.14265872e+01 1.00000000e-01 nan 1.20000000e-01 nan 0.00000000e+00
2.85664680e+01 1.14265872e+01 4.02873380e-08 nan 1.20024141e-01 1.43154616e+05 0.00000000e+00
2.85664680e+01 1.14265872e+01 3.32533374e-08 nan 1.20020805e-01 9.75301045e+04 0.00000000e+00
2.85664680e+01 1.14265872e+01 2.74474438e-08 nan 1.20020011e-01 6.64464867e+04 0.00000000e+00
2.85664680e+01 1.14265872e+01 2.26552350e-08 nan 1.20026754e-01 4.52694644e+04 0.00000000e+00
2.85664680e+01 1.14265872e+01 1.86997258e-08 nan 1.20023809e-01 3.08417271e+04 0.00000000e+00
2.85664680e+01 1.14265872e+01 1.54348319e-08 nan 1.20024551e-01 2.10122240e+04 0.00000000e+00
2.04222852e+01 8.16891409e+00 1.05156286e-08 5.17833807e-12 1.20001522e-01 1.01988979e+01 0.00000000e+00
1.99370957e+01 7.97483828e+00 8.67964385e-09 5.17833807e-12 1.20207763e-01 8.54494081e+00 0.00000000e+00
1.97463061e+01 7.89852243e+00 8.05746759e-09 5.28464009e-12 1.20207397e-01 7.86411409e+00 0.00000000e+00
1.94722337e+01 7.78889347e+00 7.19416749e-09 5.28464009e-12 1.20189685e-01 6.83449581e+00 0.00000000e+00
1.94621142e+01 7.78484567e+00 7.16421436e-09 5.28464009e-12 1.20176844e-01 6.79674494e+00 0.00000000e+00
1.91903070e+01 7.67612280e+00 6.33086739e-09 5.28464009e-12 1.20115792e-01 5.76597024e+00 0.00000000e+00
1.90477591e+01 7.61910365e+00 5.91337252e-09 5.39312430e-12 1.20060261e-01 5.26092310e+00 0.00000000e+00
1.88916236e+01 7.55664943e+00 5.46756729e-09 5.39312430e-12 1.19999794e-01 4.73931382e+00 0.00000000e+00
1.86753593e+01 7.47014372e+00 4.88092242e-09 5.39312430e-12 1.20004955e-01 4.07528852e+00 0.00000000e+00
1.85718470e+01 7.42873881e+00 4.60426720e-09 5.46354482e-12 1.20002191e-01 3.76976663e+00 0.00000000e+00
1.83569879e+01 7.34279516e+00 4.02873380e-09 5.46354482e-12 1.20005339e-01 3.14878370e+00 0.00000000e+00
1.82479946e+01 7.29919783e+00 3.74096710e-09 5.46354482e-12 1.20017661e-01 2.84484035e+00 0.00000000e+00
1.79037718e+01 7.16150874e+00 2.87766700e-09 5.55771311e-12 1.20103590e-01 1.96214385e+00 0.00000000e+00
1.78507648e+01 7.14030593e+00 2.74474438e-09 5.55771311e-12 1.19969565e-01 1.83007803e+00 0.00000000e+00
1.76649110e+01 7.06596439e+00 2.01436690e-09 5.55771311e-12 1.19860166e-01 1.12602113e+00 0.00000000e+00
1.75688051e+01 7.02752205e+00 1.86997258e-09 5.55771311e-12 1.20029586e-01 1.05413753e+00 0.00000000e+00
1.68560283e+01 6.74241131e+00 1.27399749e-09 5.65350445e-12 1.20471184e-01 1.06601572e+00 0.00000000e+00
1.73245868e+01 6.92983470e+00 8.67964385e-10 5.65350445e-12 1.20014653e-01 1.08478011e+00 0.00000000e+00
1.77805282e+01 7.11221127e+00 5.91337252e-10 5.55771311e-12 1.20043282e-01 1.11774746e+00 0.00000000e+00
1.84171175e+01 7.36684699e+00 4.02873380e-10 5.46354482e-12 1.20074918e-01 1.14071976e+00 0.00000000e+00
1.96157751e+01 7.84631005e+00 2.74474438e-10 5.28464009e-12 1.20058532e-01 1.19548141e+00 0.00000000e+00
2.16922379e+01 8.67689518e+00 1.86997258e-10 5.28464009e-12 1.19901925e-01 9.23878314e-01 0.00000000e+00
2.48309427e+01 9.93237710e+00 1.27399749e-10 4.97210591e-12 1.20028643e-01 3.91426479e-01 0.00000000e+00
2.93303646e+01 1.17321458e+01 8.67964385e-11 4.55462434e-12 1.20142947e-01 1.67970688e-01 0.00000000e+00
3.57654530e+01 1.43061812e+01 5.91337252e-11 4.06421412e-12 1.19985039e-01 5.06492830e-02 0.00000000e+00
3.79113802e+01 1.51645521e+01 5.37571668e-11 3.91621736e-12 1.20000000e-01 nan 1.00000000e+00
3.87806417e+01 1.55122567e+01 5.16401132e-11 3.91621736e-12 1.20000000e-01 nan 1.00000000e+00
3.96698343e+01 1.58679337e+01 4.96286515e-11 3.82344950e-12 1.20000000e-01 nan 1.00000000e+00
4.05794150e+01 1.62317660e+01 4.77190702e-11 3.82344950e-12 1.20000000e-01 nan 1.00000000e+00
4.15098513e+01 1.66039405e+01 4.59099349e-11 3.75753919e-12 1.20000000e-01 nan 1.00000000e+00
4.24616213e+01 1.69846485e+01 4.41903302e-11 3.75753919e-12 1.20000000e-01 nan 1.00000000e+00
4.34352142e+01 1.73740857e+01 4.26062191e-11 3.69276508e-12 1.20000000e-01 nan 1.00000000e+00
4.44311305e+01 1.77724522e+01 4.10458445e-11 3.64445420e-12 1.20000000e-01 nan 1.00000000e+00
4.54498818e+01 1.81799527e+01 3.95588788e-11 3.56990014e-12 1.20000000e-01 nan 1.00000000e+00
4.64919919e+01 1.85967968e+01 3.81394995e-11 3.56990014e-12 1.20000000e-01 nan 1.00000000e+00
4.75579963e+01 1.90231985e+01 3.67825808e-11 3.49687122e-12 1.20000000e-01 nan 1.00000000e+00
4.86484429e+01 1.94593772e+01 3.54840801e-11 3.49687122e-12 1.20000000e-01 nan 1.00000000e+00
4.97638921e+01 1.99055568e+01 3.42390820e-11 3.44803590e-12 1.20000000e-01 nan 1.00000000e+00
5.09049171e+01 2.03619669e+01 3.30466733e-11 3.39988258e-12 1.20000000e-01 nan 1.00000000e+00
5.20721045e+01 2.08288418e+01 3.19041143e-11 3.35526465e-12 1.20000000e-01 nan 1.00000000e+00
5.32660541e+01 2.13064216e+01 3.08077614e-11 3.31121038e-12 1.20000000e-01 nan 1.00000000e+00
5.44873794e+01 2.17949518e+01 2.97547938e-11 3.23815811e-12 1.20000000e-01 nan 1.00000000e+00
5.57367082e+01 2.22946833e+01 2.87431485e-11 3.23815811e-12 1.20000000e-01 nan 1.00000000e+00
5.70146827e+01 2.28058731e+01 2.77708514e-11 3.16671753e-12 1.20000000e-01 nan 1.00000000e+00
5.83219595e+01 2.33287838e+01 2.68359916e-11 3.16671753e-12 1.20000000e-01 nan 1.00000000e+00
5.96592105e+01 2.38636842e+01 2.59364308e-11 3.11745573e-12 1.20000000e-01 nan 1.00000000e+00
6.10271231e+01 2.44108492e+01 2.50708179e-11 3.06896024e-12 1.20000000e-01 nan 1.00000000e+00
6.24264003e+01 2.49705601e+01 2.42370554e-11 3.06896024e-12 1.20000000e-01 nan 1.00000000e+00
6.38577611e+01 2.55431044e+01 2.34338381e-11 3.02852999e-12 1.20000000e-01 nan 1.00000000e+00
6.53219413e+01 2.61287765e+01 2.26608442e-11 2.97158286e-12 1.20000000e-01 nan 1.00000000e+00
6.68196934e+01 2.67278774e+01 2.19163131e-11 2.91570654e-12 1.20000000e-01 nan 1.00000000e+00
6.83517871e+01 2.73407148e+01 2.11984323e-11 2.91570654e-12 1.20000000e-01 nan 1.00000000e+00
6.99190098e+01 2.79676039e+01 2.05055814e-11 2.84466819e-12 1.20000000e-01 nan 1.00000000e+00
7.15221670e+01 2.86088668e+01 1.98351788e-11 2.84466819e-12 1.20000000e-01 nan 1.00000000e+00
7.31620826e+01 2.92648331e+01 1.91873329e-11 2.80708617e-12 1.20000000e-01 nan 1.00000000e+00
7.48395995e+01 2.99358398e+01 1.85612139e-11 2.76998223e-12 1.20000000e-01 nan 1.00000000e+00
7.65555798e+01 3.06222319e+01 1.79556536e-11 2.73335053e-12 1.20000000e-01 nan 1.00000000e+00
7.83109055e+01 3.13243622e+01 1.73671405e-11 2.67085591e-12 1.20000000e-01 nan 1.00000000e+00
8.01064786e+01 3.20425914e+01 1.67976049e-11 2.67085591e-12 1.20000000e-01 nan 1.00000000e+00
8.19432220e+01 3.27772888e+01 1.62466155e-11 2.60979014e-12 1.20000000e-01 nan 1.00000000e+00
8.38220796e+01 3.35288318e+01 1.57129221e-11 2.56721113e-12 1.20000000e-01 nan 1.00000000e+00
8.57440172e+01 3.42976069e+01 1.52147774e-11 2.56721113e-12 1.20000000e-01 nan 1.00000000e+00
8.77100224e+01 3.50840090e+01 1.47131828e-11 2.52532679e-12 1.20000000e-01 nan 1.00000000e+00
8.97211058e+01 3.58884423e+01 1.42268666e-11 2.49181527e-12 1.20000000e-01 nan 1.00000000e+00
9.17783008e+01 3.67113203e+01 1.37499724e-11 2.44301667e-12 1.20000000e-01 nan 1.00000000e+00
9.38826647e+01 3.75530659e+01 1.32924787e-11 2.39517371e-12 1.20000000e-01 nan 1.00000000e+00
9.60352792e+01 3.84141117e+01 1.28481927e-11 2.39517371e-12 1.20000000e-01 nan 1.00000000e+00
9.82372505e+01 3.92949002e+01 1.24163845e-11 2.33333508e-12 1.20000000e-01 nan 1.00000000e+00
1.00489710e+02 4.01958841e+01 1.19954388e-11 2.30228026e-12 1.20000000e-01 nan 1.00000000e+00
1.02793816e+02 4.11175265e+01 1.15852937e-11 2.27162352e-12 1.20000000e-01 nan 1.00000000e+00
1.05150752e+02 4.20603009e+01 1.11862949e-11 2.22343397e-12 1.20000000e-01 nan 1.00000000e+00
1.07561730e+02 4.30246921e+01 1.07976387e-11 2.22343397e-12 1.20000000e-01 nan 1.00000000e+00
1.10027989e+02 4.40111956e+01 1.04189344e-11 2.17626670e-12 1.20000000e-01 nan 1.00000000e+00
1.12550796e+02 4.50203184e+01 1.00618852e-11 2.14447123e-12 1.20000000e-01 nan 1.00000000e+00
1.15131448e+02 4.60525791e+01 9.70033993e-12 2.11314030e-12 1.20000000e-01 nan 1.00000000e+00
1.17771271e+02 4.71085083e+01 9.34699578e-12 2.04757834e-12 1.20000000e-01 nan 1.00000000e+00
1.20471622e+02 4.81886486e+01 9.00130182e-12 2.01091251e-12 1.20000000e-01 nan 1.00000000e+00
1.23233888e+02 4.92935553e+01 8.66260311e-12 1.96586924e-12 1.20000000e-01 nan 1.00000000e+00
1.26059490e+02 5.04237961e+01 8.32988790e-12 1.93953882e-12 1.20000000e-01 nan 1.00000000e+00
1.28949880e+02 5.15799520e+01 8.00275857e-12 1.91354816e-12 1.20000000e-01 nan 1.00000000e+00
1.31906543e+02 5.27626171e+01 7.68087982e-12 1.86256930e-12 1.20000000e-01 nan 1.00000000e+00
1.34930998e+02 5.39723992e+01 7.36351003e-12 1.83757284e-12 1.20000000e-01 nan 1.00000000e+00
1.38024800e+02 5.52099202e+01 7.05011250e-12 1.78854553e-12 1.20000000e-01 nan 1.00000000e+00
1.41189540e+02 5.64758160e+01 6.73978961e-12 1.74500184e-12 1.20000000e-01 nan 1.00000000e+00
1.44426843e+02 5.77707373e+01 6.43121577e-12 1.67238108e-12 1.20000000e-01 nan 1.00000000e+00
1.47738374e+02 5.90953495e+01 6.12441030e-12 1.64277737e-12 1.20000000e-01 nan 1.00000000e+00
1.51125834e+02 6.04503334e+01 5.81854130e-12 1.58656761e-12 1.20000000e-01 nan 1.00000000e+00
1.54590964e+02 6.18363855e+01 5.51278195e-12 1.53096566e-12 1.20000000e-01 nan 1.00000000e+00
1.58135545e+02 6.32542180e+01 5.20633142e-12 1.46847687e-12 1.20000000e-01 nan 1.00000000e+00
1.61761399e+02 6.47045597e+01 4.89800138e-12 1.40264812e-12 1.20000000e-01 nan 1.00000000e+00
1.65470390e+02 6.61881560e+01 4.58707575e-12 1.35820974e-12 1.20000000e-01 nan 1.00000000e+00
1.69264423e+02 6.77057693e+01 4.27318384e-12 1.28851708e-12 1.20000000e-01 nan 1.00000000e+00
1.73145449e+02 6.92581796e+01 3.95544218e-12 1.20568600e-12 1.20000000e-01 nan 1.00000000e+00
1.77115462e+02 7.08461848e+01 3.63386915e-12 1.13043434e-12 1.20000000e-01 nan 1.00000000e+00
1.81176503e+02 7.24706010e+01 3.30773473e-12 1.05263250e-12 1.20000000e-01 nan 1.00000000e+00
1.82375200e+02 7.29500800e+01 3.21191309e-12 1.02476011e-12 1.20000000e-01 nan 1.00000000e+00
1.85330658e+02 7.41322631e+01 2.97689981e-12 9.53853634e-13 1.20000000e-01 nan 1.00000000e+00
1.85519600e+02 7.42078400e+01 2.96193472e-12 9.53853634e-13 1.20000000e-01 nan 1.00000000e+00
1.88664000e+02 7.54656000e+01 2.71403132e-12 8.95938781e-13 1.20000000e-01 nan 1.00000000e+00
1.89580063e+02 7.58320250e+01 2.64225281e-12 8.59271429e-13 1.20000000e-01 nan 1.00000000e+00
1.91808400e+02 7.67233600e+01 2.46849373e-12 8.24163645e-13 1.20000000e-01 nan 1.00000000e+00
1.93926901e+02 7.75707604e+01 2.30459055e-12 7.74370380e-13 1.20000000e-01 nan 1.00000000e+00
1.94952800e+02 7.79811200e+01 2.22570771e-12 7.48160995e-13 1.20000000e-01 nan 1.00000000e+00
1.98097200e+02 7.92388800e+01 1.98620077e-12 6.79167151e-13 1.20000000e-01 nan 1.00000000e+00
1.98373407e+02 7.93493629e+01 1.96533244e-12 6.69714369e-13 1.20000000e-01 nan 1.00000000e+00
2.01241600e+02 8.04966400e+01 1.75055871e-12 6.00762127e-13 1.20000000e-01 nan 1.00000000e+00
2.02921866e+02 8.11687466e+01 1.62643747e-12 5.67630760e-13 1.20000000e-01 nan 1.00000000e+00
2.04386000e+02 8.17544000e+01 1.51940576e-12 5.26705361e-13 1.20000000e-01 nan 1.00000000e+00
2.07530400e+02 8.30121600e+01 1.29345127e-12 4.57971617e-13 1.20000000e-01 nan 1.00000000e+00
2.07574616e+02 8.30298465e+01 1.29031194e-12 4.57971617e-13 1.20000000e-01 nan 1.00000000e+00
2.10674800e+02 8.42699200e+01 1.07334030e-12 3.85546173e-13 1.20000000e-01 nan 1.00000000e+00
2.12334048e+02 8.49336191e+01 9.59864567e-13 3.45740876e-13 1.20000000e-01 nan 1.00000000e+00
2.13819200e+02 8.55276800e+01 8.59977688e-13 3.12707345e-13 1.20000000e-01 nan 1.00000000e+00
2.16963600e+02 8.67854400e+01 6.53997929e-13 2.38454639e-13 1.20000000e-01 nan 1.00000000e+00
2.17202607e+02 8.68810429e+01 6.38665726e-13 2.34619451e-13 1.20000000e-01 nan 1.00000000e+00
2.20108000e+02 8.80432000e+01 4.56116398e-13 1.71621078e-13 1.20000000e-01 nan 1.00000000e+00
2.22182797e+02 8.88731187e+01 3.30218710e-13 1.23229499e-13 1.20000000e-01 nan 1.00000000e+00
2.23252400e+02 8.93009600e+01 2.66824024e-13 1.01196945e-13 1.20000000e-01 nan 1.00000000e+00
2.26396800e+02 9.05587200e+01 8.65995599e-14 3.31733507e-14 1.20000000e-01 nan 1.00000000e+00
2.27277176e+02 9.09108704e+01 3.78142818e-14 1.44143481e-14 1.20000000e-01 nan 1.00000000e+00
2.29541200e+02 9.18164800e+01 8.42097296e-14 3.26386698e-14 1.20000000e-01 nan 1.00000000e+00
2.32488363e+02 9.29953453e+01 2.35536705e-13 9.19604565e-14 1.20000000e-01 nan 1.00000000e+00
2.32685600e+02 9.30742400e+01 2.45357499e-13 9.59264517e-14 1.20000000e-01 nan 1.00000000e+00
2.35830000e+02 9.43320000e+01 3.96722881e-13 1.55956810e-13 1.20000000e-01 nan 1.00000000e+00
2.37819036e+02 9.51276146e+01 4.87368039e-13 1.92722642e-13 1.20000000e-01 nan 1.00000000e+00
2.38974400e+02 9.55897600e+01 5.38204884e-13 2.13241314e-13 1.20000000e-01 nan 1.00000000e+00
2.42118800e+02 9.68475200e+01 6.69911745e-13 2.72350613e-13 1.20000000e-01 nan 1.00000000e+00
2.43271936e+02 9.73087742e+01 7.15822715e-13 2.90399490e-13 1.20000000e-01 nan 1.00000000e+00
2.45263200e+02 9.81052800e+01 7.92050484e-13 3.21333822e-13 1.20000000e-01 nan 1.00000000e+00
2.48407600e+02 9.93630400e+01 9.04822310e-13 3.74673655e-13 1.20000000e-01 nan 1.00000000e+00
2.48849863e+02 9.95399452e+01 9.19955229e-13 3.80072397e-13 1.20000000e-01 nan 1.00000000e+00
2.51552000e+02 1.00620800e+02 1.00859514e-12 4.20201386e-13 1.20000000e-01 nan 1.00000000e+00
2.54555685e+02 1.01822274e+02 1.09962932e-12 4.64523986e-13 1.20000000e-01 nan 1.00000000e+00
2.54696400e+02 1.01878560e+02 1.10371079e-12 4.64523986e-13 1.20000000e-01 nan 1.00000000e+00
2.57840800e+02 1.03136320e+02 1.19061683e-12 5.09887092e-13 1.20000000e-01 nan 1.00000000e+00
2.60392335e+02 1.04156934e+02 1.25535721e-12 5.39124748e-13 1.20000000e-01 nan 1.00000000e+00
2.60985200e+02 1.04394080e+02 1.26969657e-12 5.51836976e-13 1.20000000e-01 nan 1.00000000e+00
2.64129600e+02 1.05651840e+02 1.34144048e-12 5.75690269e-13 1.20000000e-01 nan 1.00000000e+00
2.66362812e+02 1.06545125e+02 1.38817139e-12 6.12230208e-13 1.20000000e-01 nan 1.00000000e+00
2.67274000e+02 1.06909600e+02 1.40627924e-12 6.20899481e-13 1.20000000e-01 nan 1.00000000e+00
2.70418400e+02 1.08167360e+02 1.46466968e-12 6.54856137e-13 1.20000000e-01 nan 1.00000000e+00
2.72470185e+02 1.08988074e+02 1.49941414e-12 6.69714369e-13 1.20000000e-01 nan 1.00000000e+00
2.73562800e+02 1.09425120e+02 1.51686680e-12 6.79167151e-13 1.20000000e-01 nan 1.00000000e+00
2.78717593e+02 1.11487037e+02 1.59045334e-12 7.22671518e-13 1.20000000e-01 nan 1.00000000e+00
2.85108246e+02 1.14043298e+02 1.66363521e-12 7.74370380e-13 1.20000000e-01 nan 1.00000000e+00
2.91645428e+02 1.16658171e+02 1.72073152e-12 8.12771446e-13 1.20000000e-01 nan 1.00000000e+00
2.98332501e+02 1.19333000e+02 1.76370449e-12 8.47411628e-13 1.20000000e-01 nan 1.00000000e+00
3.05172899e+02 1.22069160e+02 1.79434002e-12 8.79461901e-13 1.20000000e-01 nan 1.00000000e+00
3.12170140e+02 1.24868056e+02 1.81418465e-12 9.12724359e-13 1.20000000e-01 nan 1.00000000e+00
3.19327819e+02 1.27731127e+02 1.82401921e-12 9.25463876e-13 1.20000000e-01 nan 1.00000000e+00
3.26649614e+02 1.30659846e+02 1.82597852e-12 9.53853634e-13 1.20000000e-01 nan 1.00000000e+00
3.34139289e+02 1.33655716e+02 1.82120668e-12 9.53853634e-13 1.20000000e-01 nan 1.00000000e+00
3.41800694e+02 1.36720278e+02 1.81076435e-12 9.75108152e-13 1.20000000e-01 nan 1.00000000e+00
3.49637765e+02 1.39855106e+02 1.79527780e-12 9.96836280e-13 1.20000000e-01 nan 1.00000000e+00
3.57654530e+02 1.43061812e+02 1.77550819e-12 9.96836280e-13 1.20000000e-01 nan 1.00000000e+00
3.58012185e+02 1.43204874e+02 1.77457044e-12 9.96836280e-13 1.20000000e-01 nan 1.00000000e+00
4.01571979e+02 1.60628792e+02 1.63408526e-12 1.01070526e-12 1.20000000e-01 nan 1.00000000e+00
4.50431748e+02 1.80172699e+02 1.46470777e-12 9.96836280e-13 1.20000000e-01 nan 1.00000000e+00
5.05236347e+02 2.02094539e+02 1.29144447e-12 9.75108152e-13 1.20000000e-01 nan 1.00000000e+00
5.66709091e+02 2.26683636e+02 1.12810463e-12 9.39551532e-13 1.20000000e-01 nan 1.00000000e+00
6.35661301e+02 2.54264520e+02 9.79917685e-13 8.95938781e-13 1.20000000e-01 nan 1.00000000e+00
7.13003013e+02 2.85201205e+02 8.47521581e-13 8.47411628e-13 1.20000000e-01 nan 1.00000000e+00
7.94374000e+02 3.17749600e+02 7.38215636e-13 8.12771446e-13 1.20000000e-01 nan 1.00000000e+00
7.99754989e+02 3.19901996e+02 7.31799220e-13 8.12771446e-13 1.20000000e-01 nan 1.00000000e+00
8.14726750e+02 3.25890700e+02 7.14412849e-13 7.93338599e-13 1.20000000e-01 nan 1.00000000e+00
8.35079500e+02 3.34031800e+02 6.92248474e-13 7.93338599e-13 1.20000000e-01 nan 1.00000000e+00
8.55432250e+02 3.42172900e+02 6.70973299e-13 7.74370380e-13 1.20000000e-01 nan 1.00000000e+00
8.75785000e+02 3.50314000e+02 6.41534092e-13 7.61152885e-13 1.20000000e-01 nan 1.00000000e+00
8.96137750e+02 3.58455100e+02 6.16797165e-13 7.48160995e-13 1.20000000e-01 nan 1.00000000e+00
8.97062187e+02 3.58824875e+02 6.15800992e-13 7.48160995e-13 1.20000000e-01 nan 1.00000000e+00
9.16490500e+02 3.66596200e+02 5.95848561e-13 7.37783651e-13 1.20000000e-01 nan 1.00000000e+00
9.36843250e+02 3.74737300e+02 5.77085412e-13 7.22671518e-13 1.20000000e-01 nan 1.00000000e+00
9.57196000e+02 3.82878400e+02 5.59022615e-13 7.22671518e-13 1.20000000e-01 nan 1.00000000e+00
9.77548750e+02 3.91019500e+02 5.42513481e-13 7.07868929e-13 1.20000000e-01 nan 1.00000000e+00
9.97901500e+02 3.99160600e+02 5.26502768e-13 7.07868929e-13 1.20000000e-01 nan 1.00000000e+00
1.00620887e+03 4.02483550e+02 5.20194643e-13 6.88748529e-13 1.20000000e-01 nan 1.00000000e+00
1.01825425e+03 4.07301700e+02 5.11315880e-13 6.88748529e-13 1.20000000e-01 nan 1.00000000e+00
1.03860700e+03 4.15442800e+02 4.97033461e-13 6.88748529e-13 1.20000000e-01 nan 1.00000000e+00
1.05895975e+03 4.23583900e+02 4.83577308e-13 6.79167151e-13 1.20000000e-01 nan 1.00000000e+00
1.07931250e+03 4.31725000e+02 4.70850595e-13 6.69714369e-13 1.20000000e-01 nan 1.00000000e+00
1.12863558e+03 4.51454231e+02 4.42727232e-13 6.54856137e-13 1.20000000e-01 nan 1.00000000e+00
1.26595809e+03 5.06383237e+02 3.77448906e-13 6.20899481e-13 1.20000000e-01 nan 1.00000000e+00
1.41998881e+03 5.67995524e+02 3.22509132e-13 5.75690269e-13 1.20000000e-01 nan 1.00000000e+00
1.59276064e+03 6.37104256e+02 2.75866116e-13 5.39124748e-13 1.20000000e-01 nan 1.00000000e+00
1.78655384e+03 7.14621534e+02 2.35895228e-13 5.18228005e-13 1.20000000e-01 nan 1.00000000e+00
2.00392609e+03 8.01570438e+02 2.01603131e-13 4.83243935e-13 1.20000000e-01 nan 1.00000000e+00
2.24774631e+03 8.99098524e+02 1.72406748e-13 4.57971617e-13 1.20000000e-01 nan 1.00000000e+00
2.52123244e+03 1.00849298e+03 1.47408951e-13 4.32411153e-13 1.20000000e-01 nan 1.00000000e+00
2.82799397e+03 1.13119759e+03 1.25827365e-13 4.05387562e-13 1.20000000e-01 nan 1.00000000e+00
3.17207956e+03 1.26883182e+03 1.07405119e-13 3.85546173e-13 1.20000000e-01 nan 1.00000000e+00
3.55803048e+03 1.42321219e+03 9.15886646e-14 3.60441879e-13 1.20000000e-01 nan 1.00000000e+00
3.99094054e+03 1.59637622e+03 7.80171212e-14 3.45740876e-13 1.20000000e-01 nan 1.00000000e+00
4.47652331e+03 1.79060932e+03 6.64165604e-14 3.21333822e-13 1.20000000e-01 nan 1.00000000e+00
5.02118755e+03 2.00847502e+03 5.64969182e-14 3.08235407e-13 1.20000000e-01 nan 1.00000000e+00
5.63212177e+03 2.25284871e+03 4.79511071e-14 2.90399490e-13 1.20000000e-01 nan 1.00000000e+00
6.31738913e+03 2.52695565e+03 4.06954260e-14 2.72350613e-13 1.20000000e-01 nan 1.00000000e+00
7.08603383e+03 2.83441353e+03 3.44892056e-14 2.57282256e-13 1.20000000e-01 nan 1.00000000e+00
7.94820051e+03 3.17928020e+03 2.92053919e-14 2.44122768e-13 1.20000000e-01 nan 1.00000000e+00
8.91526809e+03 3.56610723e+03 2.47115682e-14 2.30845947e-13 1.20000000e-01 nan 1.00000000e+00
1.00000000e+04 4.00000000e+03 2.08845249e-14 2.18658662e-13 1.20000000e-01 nan 1.00000000e+00
