# alphaX=1.0e-03  r=2.5  mX_therm=2.590754e+01  eps_therm=9.856013e-10  GoH_thresh=0.05  mX_join_max=3.003545e+01
# mX [GeV]    mY [GeV]    epsX_relic    epsX_bbn    Och2    GoH_handoff   regime  (0=joint, 1=secluded)
2.59075444e+01 1.03630178e+01 1.00000000e-01 nan 1.20000000e-01 nan 0.00000000e+00
2.59075444e+01 1.03630178e+01 9.85601345e-09 nan 1.20035499e-01 1.44266094e+05 0.00000000e+00
2.59075444e+01 1.03630178e+01 8.13519475e-09 nan 1.20035234e-01 9.82873455e+04 0.00000000e+00
2.59075444e+01 1.03630178e+01 6.71482379e-09 nan 1.20037262e-01 6.69623890e+04 0.00000000e+00
2.59075444e+01 1.03630178e+01 5.54244366e-09 nan 1.20035762e-01 4.56209445e+04 0.00000000e+00
2.59075444e+01 1.03630178e+01 4.57475620e-09 nan 1.20034784e-01 3.10811877e+04 0.00000000e+00
2.59075444e+01 1.03630178e+01 3.77602291e-09 nan 1.20037111e-01 2.11753667e+04 0.00000000e+00
2.50632382e+01 1.00252953e+01 3.11674511e-09 nan 1.13310270e-01 1.49445899e+04 0.00000000e+00
2.20004497e+01 8.80017988e+00 2.57257446e-09 1.35820974e-12 1.20052063e-01 9.52440958e+00 0.00000000e+00
2.17656307e+01 8.70625227e+00 2.12341373e-09 1.35820974e-12 1.20124442e-01 7.73586869e+00 0.00000000e+00
2.17741272e+01 8.70965089e+00 1.97120269e-09 1.35820974e-12 1.20068786e-01 7.01263103e+00 0.00000000e+00
2.18230426e+01 8.72921704e+00 1.76000240e-09 1.35820974e-12 1.19955805e-01 5.98241521e+00 0.00000000e+00
2.18253508e+01 8.73014032e+00 1.75267458e-09 1.35820974e-12 1.19981742e-01 5.94771259e+00 0.00000000e+00
2.18597875e+01 8.74391500e+00 1.54880211e-09 1.35820974e-12 1.19914700e-01 4.98591591e+00 0.00000000e+00
2.18592884e+01 8.74371537e+00 1.44666493e-09 1.35820974e-12 1.19925714e-01 4.52174538e+00 0.00000000e+00
2.18449082e+01 8.73796327e+00 1.33760182e-09 1.35820974e-12 1.20019063e-01 4.04228112e+00 0.00000000e+00
2.17857475e+01 8.71429902e+00 1.19408329e-09 1.35820974e-12 1.20005919e-01 3.43902451e+00 0.00000000e+00
2.17453958e+01 8.69815830e+00 1.12640154e-09 1.35820974e-12 1.20016022e-01 3.16435531e+00 0.00000000e+00
2.16578978e+01 8.66315913e+00 9.85601345e-10 1.35820974e-12 1.20038522e-01 2.61020970e+00 0.00000000e+00
2.16144000e+01 8.64576002e+00 9.15201249e-10 1.35820974e-12 1.20095144e-01 2.34290893e+00 0.00000000e+00
2.14462897e+01 8.57851588e+00 7.04000960e-10 1.38025010e-12 1.19924845e-01 1.57516347e+00 0.00000000e+00
2.14325993e+01 8.57303970e+00 6.71482379e-10 1.38025010e-12 1.20227079e-01 1.46134833e+00 0.00000000e+00
2.03717700e+01 8.14870798e+00 4.92800672e-10 1.31389381e-12 1.20212063e-01 1.05565823e+00 0.00000000e+00
1.97139682e+01 7.88558728e+00 4.57475620e-10 1.33977033e-12 1.20109885e-01 1.05754971e+00 0.00000000e+00
1.69762581e+01 6.79050325e+00 3.11674511e-10 1.43518511e-12 1.20000300e-01 1.06794692e+00 0.00000000e+00
1.73736994e+01 6.94947975e+00 2.12341373e-10 1.43518511e-12 1.20008120e-01 1.08728357e+00 0.00000000e+00
1.78359030e+01 7.13436120e+00 1.44666493e-10 1.40264812e-12 1.20014323e-01 1.12169170e+00 0.00000000e+00
1.85184828e+01 7.40739313e+00 9.85601345e-11 1.38025010e-12 1.20081183e-01 1.14567820e+00 0.00000000e+00
1.97951746e+01 7.91806983e+00 6.71482379e-11 1.33977033e-12 1.19894624e-01 1.20427482e+00 0.00000000e+00
2.20105028e+01 8.80420112e+00 4.57475620e-11 1.35820974e-12 1.19953514e-01 8.33309857e-01 0.00000000e+00
2.53028683e+01 1.01211473e+01 3.11674511e-11 1.25632913e-12 1.20070378e-01 3.52778703e-01 0.00000000e+00
3.00354479e+01 1.20141792e+01 2.12341373e-11 1.14969230e-12 1.20134285e-01 1.46642138e-01 0.00000000e+00
3.18375748e+01 1.27350299e+01 1.92666242e-11 1.11149897e-12 1.20000000e-01 nan 1.00000000e+00
3.25675714e+01 1.30270285e+01 1.84083452e-11 1.09629902e-12 1.20000000e-01 nan 1.00000000e+00
3.33143059e+01 1.33257223e+01 1.76012161e-11 1.09629902e-12 1.20000000e-01 nan 1.00000000e+00
3.40781621e+01 1.36312648e+01 1.68480936e-11 1.07424391e-12 1.20000000e-01 nan 1.00000000e+00
3.48595326e+01 1.39438130e+01 1.61404282e-11 1.05263250e-12 1.20000000e-01 nan 1.00000000e+00
3.56588189e+01 1.42635276e+01 1.54725332e-11 1.05263250e-12 1.20000000e-01 nan 1.00000000e+00
3.64764319e+01 1.45905728e+01 1.48419557e-11 1.02476011e-12 1.20000000e-01 nan 1.00000000e+00
3.73127918e+01 1.49251167e+01 1.42470001e-11 1.02476011e-12 1.20000000e-01 nan 1.00000000e+00
3.81683284e+01 1.52673314e+01 1.36845640e-11 1.01070526e-12 1.20000000e-01 nan 1.00000000e+00
3.90434814e+01 1.56173926e+01 1.31508872e-11 1.01070526e-12 1.20000000e-01 nan 1.00000000e+00
3.99387006e+01 1.59754802e+01 1.26461988e-11 9.96836280e-13 1.20000000e-01 nan 1.00000000e+00
4.08544461e+01 1.63417784e+01 1.21671215e-11 9.75108152e-13 1.20000000e-01 nan 1.00000000e+00
4.17911884e+01 1.67164754e+01 1.17101060e-11 9.75108152e-13 1.20000000e-01 nan 1.00000000e+00
4.27494092e+01 1.70997637e+01 1.12765727e-11 9.53853634e-13 1.20000000e-01 nan 1.00000000e+00
4.37296008e+01 1.74918403e+01 1.08641913e-11 9.53853634e-13 1.20000000e-01 nan 1.00000000e+00
4.47322669e+01 1.78929068e+01 1.04847519e-11 9.39551532e-13 1.20000000e-01 nan 1.00000000e+00
4.57579230e+01 1.83031692e+01 1.01098896e-11 9.25463876e-13 1.20000000e-01 nan 1.00000000e+00
4.68070961e+01 1.87228384e+01 9.75188148e-12 9.12724359e-13 1.20000000e-01 nan 1.00000000e+00
4.78803254e+01 1.91521302e+01 9.40971706e-12 9.12724359e-13 1.20000000e-01 nan 1.00000000e+00
4.89781626e+01 1.95912650e+01 9.08202749e-12 8.95938781e-13 1.20000000e-01 nan 1.00000000e+00
5.01011719e+01 2.00404687e+01 8.76840883e-12 8.79461901e-13 1.20000000e-01 nan 1.00000000e+00
5.12499303e+01 2.04999721e+01 8.46812020e-12 8.79461901e-13 1.20000000e-01 nan 1.00000000e+00
5.24250284e+01 2.09700114e+01 8.18021003e-12 8.59271429e-13 1.20000000e-01 nan 1.00000000e+00
5.36270701e+01 2.14508280e+01 7.90412971e-12 8.59271429e-13 1.20000000e-01 nan 1.00000000e+00
5.48566731e+01 2.19426692e+01 7.63894782e-12 8.47411628e-13 1.20000000e-01 nan 1.00000000e+00
5.61144694e+01 2.24457878e+01 7.38431998e-12 8.35709707e-13 1.20000000e-01 nan 1.00000000e+00
5.74011054e+01 2.29604422e+01 7.13974370e-12 8.24163645e-13 1.20000000e-01 nan 1.00000000e+00
5.87172424e+01 2.34868970e+01 6.90460262e-12 8.24163645e-13 1.20000000e-01 nan 1.00000000e+00
6.00635568e+01 2.40254227e+01 6.67851745e-12 8.12771446e-13 1.20000000e-01 nan 1.00000000e+00
6.14407406e+01 2.45762962e+01 6.46110370e-12 7.93338599e-13 1.20000000e-01 nan 1.00000000e+00
6.28495015e+01 2.51398006e+01 6.25179763e-12 7.93338599e-13 1.20000000e-01 nan 1.00000000e+00
6.42905635e+01 2.57162254e+01 6.05046767e-12 7.74370380e-13 1.20000000e-01 nan 1.00000000e+00
6.57646673e+01 2.63058669e+01 5.85653174e-12 7.74370380e-13 1.20000000e-01 nan 1.00000000e+00
6.72725706e+01 2.69090282e+01 5.67006660e-12 7.61152885e-13 1.20000000e-01 nan 1.00000000e+00
6.88150482e+01 2.75260193e+01 5.49046720e-12 7.61152885e-13 1.20000000e-01 nan 1.00000000e+00
7.03928929e+01 2.81571572e+01 5.31713057e-12 7.48160995e-13 1.20000000e-01 nan 1.00000000e+00
7.20069157e+01 2.88027663e+01 5.14969562e-12 7.37783651e-13 1.20000000e-01 nan 1.00000000e+00
7.36579460e+01 2.94631784e+01 4.98810161e-12 7.22671518e-13 1.20000000e-01 nan 1.00000000e+00
7.53468325e+01 3.01387330e+01 4.83210340e-12 7.22671518e-13 1.20000000e-01 nan 1.00000000e+00
7.70744430e+01 3.08297772e+01 4.68143069e-12 7.07868929e-13 1.20000000e-01 nan 1.00000000e+00
7.88416655e+01 3.15366662e+01 4.53571621e-12 7.07868929e-13 1.20000000e-01 nan 1.00000000e+00
8.06494083e+01 3.22597633e+01 4.39428273e-12 6.88748529e-13 1.20000000e-01 nan 1.00000000e+00
8.24986004e+01 3.29994402e+01 4.25778462e-12 6.88748529e-13 1.20000000e-01 nan 1.00000000e+00
8.43901922e+01 3.37560769e+01 4.12581232e-12 6.79167151e-13 1.20000000e-01 nan 1.00000000e+00
8.63251559e+01 3.45300624e+01 3.99828483e-12 6.79167151e-13 1.20000000e-01 nan 1.00000000e+00
8.83044859e+01 3.53217944e+01 3.88014650e-12 6.69714369e-13 1.20000000e-01 nan 1.00000000e+00
9.03291996e+01 3.61316798e+01 3.76089174e-12 6.54856137e-13 1.20000000e-01 nan 1.00000000e+00
9.24003374e+01 3.69601350e+01 3.64555513e-12 6.54856137e-13 1.20000000e-01 nan 1.00000000e+00
9.45189639e+01 3.78075856e+01 3.53400625e-12 6.40327547e-13 1.20000000e-01 nan 1.00000000e+00
9.66861679e+01 3.86744672e+01 3.42584977e-12 6.40327547e-13 1.20000000e-01 nan 1.00000000e+00
9.89030633e+01 3.95612253e+01 3.32123831e-12 6.30538692e-13 1.20000000e-01 nan 1.00000000e+00
1.01170789e+02 4.04683157e+01 3.22000506e-12 6.20899481e-13 1.20000000e-01 nan 1.00000000e+00
1.03490512e+02 4.13962046e+01 3.12209629e-12 6.20899481e-13 1.20000000e-01 nan 1.00000000e+00
1.05863422e+02 4.23453689e+01 3.02734186e-12 6.12230208e-13 1.20000000e-01 nan 1.00000000e+00
1.08290741e+02 4.33162963e+01 2.93543255e-12 6.00762127e-13 1.20000000e-01 nan 1.00000000e+00
1.10773715e+02 4.43094859e+01 2.84643737e-12 5.89508862e-13 1.20000000e-01 nan 1.00000000e+00
1.13313620e+02 4.53254481e+01 2.76028246e-12 5.89508862e-13 1.20000000e-01 nan 1.00000000e+00
1.15911763e+02 4.63647051e+01 2.67682433e-12 5.75690269e-13 1.20000000e-01 nan 1.00000000e+00
1.18569477e+02 4.74277909e+01 2.59602931e-12 5.75690269e-13 1.20000000e-01 nan 1.00000000e+00
1.21288130e+02 4.85152521e+01 2.51769202e-12 5.67630760e-13 1.20000000e-01 nan 1.00000000e+00
1.24069118e+02 4.96276473e+01 2.44244808e-12 5.59680134e-13 1.20000000e-01 nan 1.00000000e+00
1.26913871e+02 5.07655485e+01 2.36869289e-12 5.59680134e-13 1.20000000e-01 nan 1.00000000e+00
1.29823851e+02 5.19295403e+01 2.29724157e-12 5.51836976e-13 1.20000000e-01 nan 1.00000000e+00
1.32800553e+02 5.31202210e+01 2.22804328e-12 5.39124748e-13 1.20000000e-01 nan 1.00000000e+00
1.35845506e+02 5.43382026e+01 2.16104267e-12 5.39124748e-13 1.20000000e-01 nan 1.00000000e+00
1.38960277e+02 5.55841110e+01 2.09614050e-12 5.26705361e-13 1.20000000e-01 nan 1.00000000e+00
1.42146466e+02 5.68585865e+01 2.03316294e-12 5.26705361e-13 1.20000000e-01 nan 1.00000000e+00
1.45405711e+02 5.81622842e+01 1.97200622e-12 5.18228005e-13 1.20000000e-01 nan 1.00000000e+00
1.48739685e+02 5.94958741e+01 1.91278518e-12 5.18228005e-13 1.20000000e-01 nan 1.00000000e+00
1.52150104e+02 6.08600416e+01 1.85541755e-12 5.09887092e-13 1.20000000e-01 nan 1.00000000e+00
1.55638720e+02 6.22554878e+01 1.79982381e-12 5.02718283e-13 1.20000000e-01 nan 1.00000000e+00
1.59207325e+02 6.36829299e+01 1.74596884e-12 4.92884937e-13 1.20000000e-01 nan 1.00000000e+00
1.62857753e+02 6.51431014e+01 1.69353249e-12 4.92884937e-13 1.20000000e-01 nan 1.00000000e+00
1.66591882e+02 6.66367529e+01 1.64273299e-12 4.83243935e-13 1.20000000e-01 nan 1.00000000e+00
1.70411630e+02 6.81646520e+01 1.59351968e-12 4.83243935e-13 1.20000000e-01 nan 1.00000000e+00
1.74318960e+02 6.97275839e+01 1.54583044e-12 4.71166756e-13 1.20000000e-01 nan 1.00000000e+00
1.78315880e+02 7.13263520e+01 1.49961238e-12 4.71166756e-13 1.20000000e-01 nan 1.00000000e+00
1.82404444e+02 7.29617778e+01 1.45478481e-12 4.64523986e-13 1.20000000e-01 nan 1.00000000e+00
1.86586755e+02 7.46347019e+01 1.41113869e-12 4.57971617e-13 1.20000000e-01 nan 1.00000000e+00
1.90864961e+02 7.63459842e+01 1.36885842e-12 4.48222128e-13 1.20000000e-01 nan 1.00000000e+00
1.95241260e+02 7.80965041e+01 1.32790289e-12 4.48222128e-13 1.20000000e-01 nan 1.00000000e+00
1.99717903e+02 7.98871612e+01 1.28822874e-12 4.38680189e-13 1.20000000e-01 nan 1.00000000e+00
2.04297190e+02 8.17188759e+01 1.24978095e-12 4.38680189e-13 1.20000000e-01 nan 1.00000000e+00
2.08981474e+02 8.35925896e+01 1.21241176e-12 4.32411153e-13 1.20000000e-01 nan 1.00000000e+00
2.13773163e+02 8.55092652e+01 1.17605177e-12 4.26231705e-13 1.20000000e-01 nan 1.00000000e+00
2.18674720e+02 8.74698879e+01 1.14083755e-12 4.26231705e-13 1.20000000e-01 nan 1.00000000e+00
2.23688663e+02 8.94754652e+01 1.10673455e-12 4.20201386e-13 1.20000000e-01 nan 1.00000000e+00
2.28817570e+02 9.15270280e+01 1.07367960e-12 4.12728016e-13 1.20000000e-01 nan 1.00000000e+00
2.34064076e+02 9.36256306e+01 1.04166520e-12 4.12728016e-13 1.20000000e-01 nan 1.00000000e+00
2.39430879e+02 9.57723516e+01 1.01050870e-12 4.05387562e-13 1.20000000e-01 nan 1.00000000e+00
2.44920736e+02 9.79682942e+01 9.80199584e-13 3.96722852e-13 1.20000000e-01 nan 1.00000000e+00
2.50536468e+02 1.00214587e+02 9.50848798e-13 3.96722852e-13 1.20000000e-01 nan 1.00000000e+00
2.56280962e+02 1.02512385e+02 9.22423917e-13 3.91095986e-13 1.20000000e-01 nan 1.00000000e+00
2.62157170e+02 1.04862868e+02 8.94892119e-13 3.85546173e-13 1.20000000e-01 nan 1.00000000e+00
2.68168113e+02 1.07267245e+02 8.68231912e-13 3.85546173e-13 1.20000000e-01 nan 1.00000000e+00
2.74316879e+02 1.09726752e+02 8.42277725e-13 3.80072397e-13 1.20000000e-01 nan 1.00000000e+00
2.80606629e+02 1.12242652e+02 8.16975543e-13 3.74673655e-13 1.20000000e-01 nan 1.00000000e+00
2.87040595e+02 1.14816238e+02 7.92500894e-13 3.69348955e-13 1.20000000e-01 nan 1.00000000e+00
2.93622084e+02 1.17448834e+02 7.68796103e-13 3.60441879e-13 1.20000000e-01 nan 1.00000000e+00
3.00354479e+02 1.20141792e+02 7.45851058e-13 3.60441879e-13 1.20000000e-01 nan 1.00000000e+00
3.00654834e+02 1.20261933e+02 7.44853334e-13 3.60441879e-13 1.20000000e-01 nan 1.00000000e+00
3.39272452e+02 1.35708981e+02 6.33451460e-13 3.39834793e-13 1.20000000e-01 nan 1.00000000e+00
3.82850311e+02 1.53140125e+02 5.38287795e-13 3.21333822e-13 1.20000000e-01 nan 1.00000000e+00
4.32025530e+02 1.72810212e+02 4.57816989e-13 3.03825230e-13 1.20000000e-01 nan 1.00000000e+00
4.87517062e+02 1.95006825e+02 3.89437398e-13 2.85970355e-13 1.20000000e-01 nan 1.00000000e+00
5.50136204e+02 2.20054482e+02 3.31116389e-13 2.67232239e-13 1.20000000e-01 nan 1.00000000e+00
6.20798464e+02 2.48319386e+02 2.81286079e-13 2.49925631e-13 1.20000000e-01 nan 1.00000000e+00
7.00536940e+02 2.80214776e+02 2.38963698e-13 2.38454639e-13 1.20000000e-01 nan 1.00000000e+00
7.90517426e+02 3.16206971e+02 2.03134118e-13 2.23040495e-13 1.20000000e-01 nan 1.00000000e+00
7.94374000e+02 3.17749600e+02 2.01823112e-13 2.23040495e-13 1.20000000e-01 nan 1.00000000e+00
8.14726750e+02 3.25890700e+02 1.95006803e-13 2.18658662e-13 1.20000000e-01 nan 1.00000000e+00
8.35079500e+02 3.34031800e+02 1.88820921e-13 2.13241314e-13 1.20000000e-01 nan 1.00000000e+00
8.55432250e+02 3.42172900e+02 1.82726400e-13 2.13241314e-13 1.20000000e-01 nan 1.00000000e+00
8.75785000e+02 3.50314000e+02 1.76044889e-13 2.10151559e-13 1.20000000e-01 nan 1.00000000e+00
8.92055459e+02 3.56822184e+02 1.71032761e-13 2.07105061e-13 1.20000000e-01 nan 1.00000000e+00
8.96137750e+02 3.58455100e+02 1.69900481e-13 2.07105061e-13 1.20000000e-01 nan 1.00000000e+00
9.16490500e+02 3.66596200e+02 1.64528992e-13 2.02668401e-13 1.20000000e-01 nan 1.00000000e+00
9.36843250e+02 3.74737300e+02 1.59525418e-13 2.02668401e-13 1.20000000e-01 nan 1.00000000e+00
9.57196000e+02 3.82878400e+02 1.54839350e-13 1.98326784e-13 1.20000000e-01 nan 1.00000000e+00
9.77548750e+02 3.91019500e+02 1.50338271e-13 1.98326784e-13 1.20000000e-01 nan 1.00000000e+00
9.97901500e+02 3.99160600e+02 1.46255982e-13 1.92722642e-13 1.20000000e-01 nan 1.00000000e+00
1.00663555e+03 4.02654219e+02 1.44372368e-13 1.92722642e-13 1.20000000e-01 nan 1.00000000e+00
1.01825425e+03 4.07301700e+02 1.42063007e-13 1.92722642e-13 1.20000000e-01 nan 1.00000000e+00
1.03860700e+03 4.15442800e+02 1.38191163e-13 1.89920579e-13 1.20000000e-01 nan 1.00000000e+00
1.05895975e+03 4.23583900e+02 1.34532467e-13 1.89920579e-13 1.20000000e-01 nan 1.00000000e+00
1.07931250e+03 4.31725000e+02 1.31063716e-13 1.86535818e-13 1.20000000e-01 nan 1.00000000e+00
1.13593288e+03 4.54373151e+02 1.22302894e-13 1.83211380e-13 1.20000000e-01 nan 1.00000000e+00
1.28183781e+03 5.12735123e+02 1.03585939e-13 1.71621078e-13 1.20000000e-01 nan 1.00000000e+00
1.44648350e+03 5.78593400e+02 8.77983146e-14 1.61209704e-13 1.20000000e-01 nan 1.00000000e+00
1.63227711e+03 6.52910846e+02 7.44260446e-14 1.50594027e-13 1.20000000e-01 nan 1.00000000e+00
1.84193499e+03 7.36773997e+02 6.30931362e-14 1.41722256e-13 1.20000000e-01 nan 1.00000000e+00
2.07852238e+03 8.31408954e+02 5.33548727e-14 1.33608564e-13 1.20000000e-01 nan 1.00000000e+00
2.34549825e+03 9.38199300e+02 4.50753198e-14 1.25512319e-13 1.20000000e-01 nan 1.00000000e+00
2.64676584e+03 1.05870633e+03 3.80365936e-14 1.17032233e-13 1.20000000e-01 nan 1.00000000e+00
2.98672975e+03 1.19469190e+03 3.20242372e-14 1.08422440e-13 1.20000000e-01 nan 1.00000000e+00
3.37036033e+03 1.34814413e+03 2.68806690e-14 1.01196945e-13 1.20000000e-01 nan 1.00000000e+00
3.80326636e+03 1.52130654e+03 2.25113057e-14 9.39225228e-14 1.20000000e-01 nan 1.00000000e+00
4.29177701e+03 1.71671081e+03 1.87767267e-14 8.81584319e-14 1.20000000e-01 nan 1.00000000e+00
4.84303443e+03 1.93721377e+03 1.55774574e-14 8.22498355e-14 1.20000000e-01 nan 1.00000000e+00
5.46509812e+03 2.18603925e+03 1.28576135e-14 7.44262661e-14 1.20000000e-01 nan 1.00000000e+00
6.16706280e+03 2.46682512e+03 1.05287887e-14 6.91486452e-14 1.20000000e-01 nan 1.00000000e+00
6.95919135e+03 2.78367654e+03 8.56371841e-15 6.26893262e-14 1.20000000e-01 nan 1.00000000e+00
7.85306488e+03 3.14122595e+03 6.89105147e-15 5.72697812e-14 1.20000000e-01 nan 1.00000000e+00
8.86175202e+03 3.54470081e+03 5.47175002e-15 5.03253157e-14 1.20000000e-01 nan 1.00000000e+00
1.00000000e+04 4.00000000e+03 4.27326511e-15 4.40113156e-14 1.20000000e-01 nan 1.00000000e+00
