# alphaX=1.0e-02  r=2.5  mX_therm=2.807674e+02  eps_therm=7.099907e-09  GoH_thresh=0.05  mX_join_max=2.709594e+02
# mX [GeV]    mY [GeV]    epsX_relic    epsX_bbn    Och2    GoH_handoff   regime  (0=joint, 1=secluded)
2.80767429e+02 1.12306972e+02 1.00000000e-01 nan 1.20000000e-01 nan 0.00000000e+00
2.80767429e+02 1.12306972e+02 7.09990741e-08 nan 1.20031766e-01 7.02747458e+04 0.00000000e+00
2.80767429e+02 1.12306972e+02 5.86029329e-08 nan 1.20031766e-01 4.78776270e+04 0.00000000e+00
2.80767429e+02 1.12306972e+02 4.83711061e-08 nan 1.20031766e-01 3.26186475e+04 0.00000000e+00
2.80767429e+02 1.12306972e+02 3.99257134e-08 nan 1.20029051e-01 2.22228259e+04 0.00000000e+00
2.80767429e+02 1.12306972e+02 3.29548510e-08 nan 1.20029861e-01 1.51402350e+04 0.00000000e+00
2.80767429e+02 1.12306972e+02 2.72010719e-08 nan 1.20035436e-01 1.03149220e+04 0.00000000e+00
2.80767429e+02 1.12306972e+02 2.24518786e-08 nan 1.20034067e-01 7.02747458e+03 0.00000000e+00
2.12062673e+02 8.48250692e+01 1.85318746e-08 9.25463876e-13 1.46057916e-01 1.38588598e+01 0.00000000e+00
1.87163721e+02 7.48654886e+01 1.52962868e-08 9.75108152e-13 1.19815200e-01 1.29460662e+01 0.00000000e+00
1.84862507e+02 7.39450030e+01 1.41998148e-08 9.96836280e-13 1.19958410e-01 1.23495303e+01 0.00000000e+00
1.81366428e+02 7.25465711e+01 1.26784061e-08 9.96836280e-13 1.20090137e-01 1.13057001e+01 0.00000000e+00
1.81239486e+02 7.24957943e+01 1.26256192e-08 9.96836280e-13 1.20092252e-01 1.12632368e+01 0.00000000e+00
1.77647877e+02 7.10591507e+01 1.11569974e-08 1.01070526e-12 1.20054668e-01 9.96304522e+00 0.00000000e+00
1.75780332e+02 7.03121326e+01 1.04212389e-08 1.01070526e-12 1.20019530e-01 9.24254754e+00 0.00000000e+00
1.73701426e+02 6.94805705e+01 9.63558863e-09 1.02476011e-12 1.19998762e-01 8.46413244e+00 0.00000000e+00
1.70770464e+02 6.83081858e+01 8.60173421e-09 1.02476011e-12 1.20000293e-01 7.46491814e+00 0.00000000e+00
1.69281320e+02 6.77125280e+01 8.11417990e-09 1.02476011e-12 1.19998457e-01 7.00882927e+00 0.00000000e+00
1.65945290e+02 6.63781158e+01 7.09990741e-09 1.02476011e-12 1.19999458e-01 6.08615383e+00 0.00000000e+00
1.64149362e+02 6.56597446e+01 6.59277117e-09 1.05263250e-12 1.20007626e-01 5.63476656e+00 0.00000000e+00
1.58243588e+02 6.32974352e+01 5.07136244e-09 1.07424391e-12 1.20022773e-01 4.28074965e+00 0.00000000e+00
1.57272619e+02 6.29090476e+01 4.83711061e-09 1.07424391e-12 1.20027857e-01 4.06893164e+00 0.00000000e+00
1.51837983e+02 6.07351933e+01 3.54995371e-09 1.09629902e-12 1.20051543e-01 2.86823761e+00 0.00000000e+00
1.50795149e+02 6.03180594e+01 3.29548510e-09 1.09629902e-12 1.20051639e-01 2.62124184e+00 0.00000000e+00
1.47338648e+02 5.89354592e+01 2.24518786e-09 1.11149897e-12 1.20094983e-01 1.56678141e+00 0.00000000e+00
1.44523810e+02 5.78095239e+01 1.52962868e-09 1.11149897e-12 1.20016777e-01 1.08348177e+00 0.00000000e+00
1.45983157e+02 5.83932629e+01 1.04212389e-09 1.11149897e-12 1.19799451e-01 1.10869059e+00 0.00000000e+00
1.53355923e+02 6.13423692e+01 7.09990741e-10 1.07424391e-12 1.20013167e-01 1.15123047e+00 0.00000000e+00
1.63265652e+02 6.53062607e+01 4.83711061e-10 1.05263250e-12 1.20043723e-01 1.21712073e+00 0.00000000e+00
1.78660809e+02 7.14643236e+01 3.29548510e-10 1.01070526e-12 1.20119950e-01 1.32281619e+00 0.00000000e+00
1.99652520e+02 7.98610080e+01 2.24518786e-10 9.53853634e-13 1.20051309e-01 4.90764948e-01 0.00000000e+00
2.29970663e+02 9.19882650e+01 1.52962868e-10 8.79461901e-13 1.20033367e-01 1.48303231e-01 0.00000000e+00
2.70959364e+02 1.08383746e+02 1.04212389e-10 8.12771446e-13 1.20018870e-01 5.21102551e-02 0.00000000e+00
2.87216926e+02 1.14886770e+02 9.13278043e-11 7.93338599e-13 1.20000000e-01 nan 1.00000000e+00
2.93802458e+02 1.17520983e+02 8.70735433e-11 7.74370380e-13 1.20000000e-01 nan 1.00000000e+00
3.00538989e+02 1.20215595e+02 8.31285509e-11 7.74370380e-13 1.20000000e-01 nan 1.00000000e+00
3.07429979e+02 1.22971992e+02 7.94444074e-11 7.61152885e-13 1.20000000e-01 nan 1.00000000e+00
3.14478972e+02 1.25791589e+02 7.59234692e-11 7.61152885e-13 1.20000000e-01 nan 1.00000000e+00
3.21689589e+02 1.28675836e+02 7.26323609e-11 7.48160995e-13 1.20000000e-01 nan 1.00000000e+00
3.29065538e+02 1.31626215e+02 6.95509346e-11 7.37783651e-13 1.20000000e-01 nan 1.00000000e+00
3.36610607e+02 1.34644243e+02 6.66480031e-11 7.37783651e-13 1.20000000e-01 nan 1.00000000e+00
3.44328676e+02 1.37731470e+02 6.38967276e-11 7.22671518e-13 1.20000000e-01 nan 1.00000000e+00
3.52223710e+02 1.40889484e+02 6.12912631e-11 7.07868929e-13 1.20000000e-01 nan 1.00000000e+00
3.60299768e+02 1.44119907e+02 5.88364340e-11 7.07868929e-13 1.20000000e-01 nan 1.00000000e+00
3.68561001e+02 1.47424400e+02 5.65136251e-11 6.88748529e-13 1.20000000e-01 nan 1.00000000e+00
3.77011653e+02 1.50804661e+02 5.43117101e-11 6.88748529e-13 1.20000000e-01 nan 1.00000000e+00
3.85656068e+02 1.54262427e+02 5.22228898e-11 6.88748529e-13 1.20000000e-01 nan 1.00000000e+00
3.94498689e+02 1.57799476e+02 5.02262181e-11 6.79167151e-13 1.20000000e-01 nan 1.00000000e+00
4.03544060e+02 1.61417624e+02 4.83332661e-11 6.69714369e-13 1.20000000e-01 nan 1.00000000e+00
4.12796831e+02 1.65118732e+02 4.65452649e-11 6.54856137e-13 1.20000000e-01 nan 1.00000000e+00
4.22261757e+02 1.68904703e+02 4.48364721e-11 6.54856137e-13 1.20000000e-01 nan 1.00000000e+00
4.31943701e+02 1.72777481e+02 4.32009272e-11 6.40327547e-13 1.20000000e-01 nan 1.00000000e+00
4.41847641e+02 1.76739056e+02 4.16341625e-11 6.40327547e-13 1.20000000e-01 nan 1.00000000e+00
4.51978666e+02 1.80791466e+02 4.01458796e-11 6.30538692e-13 1.20000000e-01 nan 1.00000000e+00
4.62341983e+02 1.84936793e+02 3.87326303e-11 6.20899481e-13 1.20000000e-01 nan 1.00000000e+00
4.72942918e+02 1.89177167e+02 3.73730673e-11 6.20899481e-13 1.20000000e-01 nan 1.00000000e+00
4.83786920e+02 1.93514768e+02 3.60664556e-11 6.12230208e-13 1.20000000e-01 nan 1.00000000e+00
4.94879561e+02 1.97951824e+02 3.48084627e-11 6.00762127e-13 1.20000000e-01 nan 1.00000000e+00
5.06226543e+02 2.02490617e+02 3.36144029e-11 6.00762127e-13 1.20000000e-01 nan 1.00000000e+00
5.17833697e+02 2.07133479e+02 3.24729938e-11 5.89508862e-13 1.20000000e-01 nan 1.00000000e+00
5.29706989e+02 2.11882796e+02 3.13720083e-11 5.75690269e-13 1.20000000e-01 nan 1.00000000e+00
5.41852521e+02 2.16741008e+02 3.03091131e-11 5.75690269e-13 1.20000000e-01 nan 1.00000000e+00
5.54276535e+02 2.21710614e+02 2.92855851e-11 5.67630760e-13 1.20000000e-01 nan 1.00000000e+00
5.66985417e+02 2.26794167e+02 2.83068685e-11 5.67630760e-13 1.20000000e-01 nan 1.00000000e+00
5.79985698e+02 2.31994279e+02 2.73613082e-11 5.59680134e-13 1.20000000e-01 nan 1.00000000e+00
5.93284059e+02 2.37313624e+02 2.64512064e-11 5.51836976e-13 1.20000000e-01 nan 1.00000000e+00
6.06887336e+02 2.42754934e+02 2.55809576e-11 5.39124748e-13 1.20000000e-01 nan 1.00000000e+00
6.20802519e+02 2.48321007e+02 2.47389471e-11 5.39124748e-13 1.20000000e-01 nan 1.00000000e+00
6.35036760e+02 2.54014704e+02 2.39333421e-11 5.26705361e-13 1.20000000e-01 nan 1.00000000e+00
6.49597374e+02 2.59838950e+02 2.31575018e-11 5.26705361e-13 1.20000000e-01 nan 1.00000000e+00
6.64491846e+02 2.65796738e+02 2.24068716e-11 5.18228005e-13 1.20000000e-01 nan 1.00000000e+00
6.79727830e+02 2.71891132e+02 2.16725044e-11 5.18228005e-13 1.20000000e-01 nan 1.00000000e+00
6.95313156e+02 2.78125262e+02 2.09713698e-11 5.09887092e-13 1.20000000e-01 nan 1.00000000e+00
7.11255835e+02 2.84502334e+02 2.02937828e-11 5.02718283e-13 1.20000000e-01 nan 1.00000000e+00
7.27564059e+02 2.91025624e+02 1.96384292e-11 4.92884937e-13 1.20000000e-01 nan 1.00000000e+00
7.44246212e+02 2.97698485e+02 1.90266515e-11 4.92884937e-13 1.20000000e-01 nan 1.00000000e+00
7.61310865e+02 3.04524346e+02 1.84112439e-11 4.83243935e-13 1.20000000e-01 nan 1.00000000e+00
7.78766790e+02 3.11506716e+02 1.78231031e-11 4.83243935e-13 1.20000000e-01 nan 1.00000000e+00
7.94374000e+02 3.17749600e+02 1.73238362e-11 4.71166756e-13 1.20000000e-01 nan 1.00000000e+00
7.96622958e+02 3.18649183e+02 1.72537688e-11 4.71166756e-13 1.20000000e-01 nan 1.00000000e+00
8.14726750e+02 3.25890700e+02 1.67066618e-11 4.71166756e-13 1.20000000e-01 nan 1.00000000e+00
8.14888547e+02 3.25955419e+02 1.67021305e-11 4.71166756e-13 1.20000000e-01 nan 1.00000000e+00
8.33572942e+02 3.33429177e+02 1.61672518e-11 4.64523986e-13 1.20000000e-01 nan 1.00000000e+00
8.35079500e+02 3.34031800e+02 1.61254569e-11 4.64523986e-13 1.20000000e-01 nan 1.00000000e+00
8.52685749e+02 3.41074299e+02 1.56497747e-11 4.57971617e-13 1.20000000e-01 nan 1.00000000e+00
8.55432250e+02 3.42172900e+02 1.55782583e-11 4.57971617e-13 1.20000000e-01 nan 1.00000000e+00
8.72236788e+02 3.48894715e+02 1.48434614e-11 4.48222128e-13 1.20000000e-01 nan 1.00000000e+00
8.75785000e+02 3.50314000e+02 1.47050286e-11 4.38680189e-13 1.20000000e-01 nan 1.00000000e+00
8.92236109e+02 3.56894443e+02 1.41576743e-11 4.32411153e-13 1.20000000e-01 nan 1.00000000e+00
8.96137750e+02 3.58455100e+02 1.40415496e-11 4.32411153e-13 1.20000000e-01 nan 1.00000000e+00
9.12693989e+02 3.65077596e+02 1.35830646e-11 4.26231705e-13 1.20000000e-01 nan 1.00000000e+00
9.16490500e+02 3.66596200e+02 1.34848311e-11 4.26231705e-13 1.20000000e-01 nan 1.00000000e+00
9.33620944e+02 3.73448378e+02 1.30632332e-11 4.20201386e-13 1.20000000e-01 nan 1.00000000e+00
9.36843250e+02 3.74737300e+02 1.29878169e-11 4.12728016e-13 1.20000000e-01 nan 1.00000000e+00
9.55027728e+02 3.82011091e+02 1.25809761e-11 4.12728016e-13 1.20000000e-01 nan 1.00000000e+00
9.57196000e+02 3.82878400e+02 1.25347993e-11 4.05387562e-13 1.20000000e-01 nan 1.00000000e+00
9.76925343e+02 3.90770137e+02 1.21306283e-11 4.05387562e-13 1.20000000e-01 nan 1.00000000e+00
9.77548750e+02 3.91019500e+02 1.21184754e-11 4.05387562e-13 1.20000000e-01 nan 1.00000000e+00
9.97901500e+02 3.99160600e+02 1.17307465e-11 3.96722852e-13 1.20000000e-01 nan 1.00000000e+00
9.99325044e+02 3.99730018e+02 1.17046281e-11 3.96722852e-13 1.20000000e-01 nan 1.00000000e+00
1.01825425e+03 4.07301700e+02 1.13679722e-11 3.91095986e-13 1.20000000e-01 nan 1.00000000e+00
1.02223834e+03 4.08895337e+02 1.12998155e-11 3.91095986e-13 1.20000000e-01 nan 1.00000000e+00
1.03860700e+03 4.15442800e+02 1.10270167e-11 3.91095986e-13 1.20000000e-01 nan 1.00000000e+00
1.04567702e+03 4.18270806e+02 1.09130877e-11 3.85546173e-13 1.20000000e-01 nan 1.00000000e+00
1.05895975e+03 4.23583900e+02 1.07053009e-11 3.85546173e-13 1.20000000e-01 nan 1.00000000e+00
1.06965311e+03 4.27861243e+02 1.05434569e-11 3.80072397e-13 1.20000000e-01 nan 1.00000000e+00
1.07931250e+03 4.31725000e+02 1.04016646e-11 3.80072397e-13 1.20000000e-01 nan 1.00000000e+00
1.09417894e+03 4.37671577e+02 1.01905168e-11 3.74673655e-13 1.20000000e-01 nan 1.00000000e+00
1.11926713e+03 4.47706850e+02 9.85145776e-12 3.69348955e-13 1.20000000e-01 nan 1.00000000e+00
1.14493055e+03 4.57972220e+02 9.52579443e-12 3.60441879e-13 1.20000000e-01 nan 1.00000000e+00
1.17118240e+03 4.68472961e+02 9.21247801e-12 3.60441879e-13 1.20000000e-01 nan 1.00000000e+00
1.19803618e+03 4.79214472e+02 8.91092010e-12 3.51749602e-13 1.20000000e-01 nan 1.00000000e+00
1.22550568e+03 4.90202273e+02 8.62053106e-12 3.51749602e-13 1.20000000e-01 nan 1.00000000e+00
1.25360503e+03 5.01442010e+02 8.34058987e-12 3.45740876e-13 1.20000000e-01 nan 1.00000000e+00
1.28234865e+03 5.12939461e+02 8.07064341e-12 3.45740876e-13 1.20000000e-01 nan 1.00000000e+00
1.31175134e+03 5.24700534e+02 7.81015108e-12 3.39834793e-13 1.20000000e-01 nan 1.00000000e+00
1.34182819e+03 5.36731275e+02 7.55873482e-12 3.34988853e-13 1.20000000e-01 nan 1.00000000e+00
1.37259466e+03 5.49037865e+02 7.31599191e-12 3.28090305e-13 1.20000000e-01 nan 1.00000000e+00
1.40406658e+03 5.61626630e+02 7.08154535e-12 3.28090305e-13 1.20000000e-01 nan 1.00000000e+00
1.43626010e+03 5.74504041e+02 6.85496549e-12 3.21333822e-13 1.20000000e-01 nan 1.00000000e+00
1.46919179e+03 5.87676714e+02 6.63592493e-12 3.21333822e-13 1.20000000e-01 nan 1.00000000e+00
1.50287855e+03 6.01151421e+02 6.42433292e-12 3.12707345e-13 1.20000000e-01 nan 1.00000000e+00
1.53733772e+03 6.14935087e+02 6.21967170e-12 3.12707345e-13 1.20000000e-01 nan 1.00000000e+00
1.57258699e+03 6.29034795e+02 6.02194613e-12 3.08235407e-13 1.20000000e-01 nan 1.00000000e+00
1.60864448e+03 6.43457792e+02 5.83050983e-12 3.03825230e-13 1.20000000e-01 nan 1.00000000e+00
1.64552873e+03 6.58211490e+02 5.64542127e-12 2.97036516e-13 1.20000000e-01 nan 1.00000000e+00
1.68325868e+03 6.73303473e+02 5.46645878e-12 2.97036516e-13 1.20000000e-01 nan 1.00000000e+00
1.72185374e+03 6.88741497e+02 5.29329995e-12 2.90399490e-13 1.20000000e-01 nan 1.00000000e+00
1.76133374e+03 7.04533495e+02 5.12569182e-12 2.90399490e-13 1.20000000e-01 nan 1.00000000e+00
1.80171896e+03 7.20687585e+02 4.96361560e-12 2.85970355e-13 1.20000000e-01 nan 1.00000000e+00
1.84303017e+03 7.37212068e+02 4.80670054e-12 2.81608773e-13 1.20000000e-01 nan 1.00000000e+00
1.88528859e+03 7.54115437e+02 4.65489057e-12 2.81608773e-13 1.20000000e-01 nan 1.00000000e+00
1.92851595e+03 7.71406380e+02 4.50783803e-12 2.77567021e-13 1.20000000e-01 nan 1.00000000e+00
1.97273446e+03 7.89093783e+02 4.36563239e-12 2.72350613e-13 1.20000000e-01 nan 1.00000000e+00
2.01796684e+03 8.07186737e+02 4.22794655e-12 2.67232239e-13 1.20000000e-01 nan 1.00000000e+00
2.06423635e+03 8.25694539e+02 4.09466775e-12 2.67232239e-13 1.20000000e-01 nan 1.00000000e+00
2.11156676e+03 8.44626703e+02 3.96559861e-12 2.61038539e-13 1.20000000e-01 nan 1.00000000e+00
2.15998240e+03 8.63992959e+02 3.84063909e-12 2.61038539e-13 1.20000000e-01 nan 1.00000000e+00
2.20950815e+03 8.83803258e+02 3.71964742e-12 2.57282256e-13 1.20000000e-01 nan 1.00000000e+00
2.26016946e+03 9.04067784e+02 3.60247093e-12 2.53578187e-13 1.20000000e-01 nan 1.00000000e+00
2.31199238e+03 9.24796950e+02 3.48907944e-12 2.49925631e-13 1.20000000e-01 nan 1.00000000e+00
2.36500353e+03 9.46001411e+02 3.37915230e-12 2.49925631e-13 1.20000000e-01 nan 1.00000000e+00
2.41923016e+03 9.67692064e+02 3.27270878e-12 2.44122768e-13 1.20000000e-01 nan 1.00000000e+00
2.47470014e+03 9.89880057e+02 3.16967409e-12 2.44122768e-13 1.20000000e-01 nan 1.00000000e+00
2.53144199e+03 1.01257679e+03 3.06983681e-12 2.38454639e-13 1.20000000e-01 nan 1.00000000e+00
2.58948485e+03 1.03579394e+03 2.97314059e-12 2.34619451e-13 1.20000000e-01 nan 1.00000000e+00
2.64885856e+03 1.05954342e+03 2.87942782e-12 2.34619451e-13 1.20000000e-01 nan 1.00000000e+00
2.70959364e+03 1.08383746e+03 2.78865928e-12 2.30845947e-13 1.20000000e-01 nan 1.00000000e+00
2.71230324e+03 1.08492129e+03 2.78472775e-12 2.30845947e-13 1.20000000e-01 nan 1.00000000e+00
2.83712390e+03 1.13484956e+03 2.61306316e-12 2.23040495e-13 1.20000000e-01 nan 1.00000000e+00
2.96768884e+03 1.18707554e+03 2.45180019e-12 2.18658662e-13 1.20000000e-01 nan 1.00000000e+00
3.10426240e+03 1.24170496e+03 2.30022406e-12 2.13241314e-13 1.20000000e-01 nan 1.00000000e+00
3.24712109e+03 1.29884844e+03 2.15780088e-12 2.07105061e-13 1.20000000e-01 nan 1.00000000e+00
3.39655417e+03 1.35862167e+03 2.02382855e-12 2.02668401e-13 1.20000000e-01 nan 1.00000000e+00
3.55286418e+03 1.42114567e+03 1.89780482e-12 1.98326784e-13 1.20000000e-01 nan 1.00000000e+00
3.71636761e+03 1.48654704e+03 1.77922887e-12 1.92722642e-13 1.20000000e-01 nan 1.00000000e+00
3.88739550e+03 1.55495820e+03 1.66763407e-12 1.86535818e-13 1.20000000e-01 nan 1.00000000e+00
4.06629411e+03 1.62651765e+03 1.56255483e-12 1.83211380e-13 1.20000000e-01 nan 1.00000000e+00
4.25342568e+03 1.70137027e+03 1.46359687e-12 1.76739192e-13 1.20000000e-01 nan 1.00000000e+00
4.44916907e+03 1.77966763e+03 1.37035291e-12 1.74161975e-13 1.20000000e-01 nan 1.00000000e+00
4.65392060e+03 1.86156824e+03 1.28247391e-12 1.69116008e-13 1.20000000e-01 nan 1.00000000e+00
4.86809484e+03 1.94723793e+03 1.19963790e-12 1.61209704e-13 1.20000000e-01 nan 1.00000000e+00
5.09212541e+03 2.03685016e+03 1.12153160e-12 1.58561506e-13 1.20000000e-01 nan 1.00000000e+00
5.32646590e+03 2.13058636e+03 1.04782684e-12 1.53673025e-13 1.20000000e-01 nan 1.00000000e+00
5.57159079e+03 2.22863632e+03 9.78307664e-13 1.47576719e-13 1.20000000e-01 nan 1.00000000e+00
5.82799637e+03 2.33119855e+03 9.12696748e-13 1.43834259e-13 1.20000000e-01 nan 1.00000000e+00
6.09620178e+03 2.43848071e+03 8.50744597e-13 1.39640233e-13 1.20000000e-01 nan 1.00000000e+00
6.37675004e+03 2.55070002e+03 7.92270504e-13 1.33608564e-13 1.20000000e-01 nan 1.00000000e+00
6.67020919e+03 2.66808368e+03 7.37066220e-13 1.29749203e-13 1.20000000e-01 nan 1.00000000e+00
6.97717338e+03 2.79086935e+03 6.84851291e-13 1.25512319e-13 1.20000000e-01 nan 1.00000000e+00
7.29826411e+03 2.91930564e+03 6.35553303e-13 1.20568526e-13 1.20000000e-01 nan 1.00000000e+00
7.63413150e+03 3.05365260e+03 5.89002919e-13 1.17032233e-13 1.20000000e-01 nan 1.00000000e+00
7.98545556e+03 3.19418222e+03 5.44977511e-13 1.12680601e-13 1.20000000e-01 nan 1.00000000e+00
8.35294761e+03 3.34117904e+03 5.03408480e-13 1.06752106e-13 1.20000000e-01 nan 1.00000000e+00
8.73735171e+03 3.49494069e+03 4.64163654e-13 1.03163816e-13 1.20000000e-01 nan 1.00000000e+00
9.13944616e+03 3.65577846e+03 4.27050253e-13 9.88446544e-14 1.20000000e-01 nan 1.00000000e+00
9.56004506e+03 3.82401803e+03 3.92024983e-13 9.39225228e-14 1.20000000e-01 nan 1.00000000e+00
1.00000000e+04 4.00000000e+03 3.58985998e-13 8.94934446e-14 1.20000000e-01 nan 1.00000000e+00
