# E [GeV] E^2 dN/dE [GeV]
0.1074630313072088  0.45487779470037776
0.11459724540487656  0.5134832907437554
0.1319775753535477  0.6464371632490059
0.1481457352819915  0.7847599703514615
0.16415951703421205  0.9186665317542589
0.18904402452743732  1.142601360502879
0.2121748023765067  1.3538761800225432
0.23813578279474215  1.6042171611153233
0.2672553649497977  1.8779508018514912
0.2999156494718994  2.171911402017426
0.3322682199886613  2.451735887979288
0.3728984504224202  2.8700848540715675
0.42376977678679206  3.239860535626308
0.48167778300236874  3.79269019073225
0.5615699967298546  4.386370005779539
0.6381374304467913  4.891856223541834
0.7344774762786279  5.52211266580759
0.9125972398517413  6.464371632490062
0.985311866698595  6.86818690646469
1.163133444369464  7.567411809920191
1.3384636209238931  8.23738706957102
1.579913549422731  8.96667809791779
1.9128491448981306  9.642963575895779
2.375465701488496  10.245338593872233
2.912284433684748  10.624678308940414
3.615642802951428  10.754220761125612
4.783033274269571  10.624678308940414
5.5703878104437985  10.121925999468793
6.73927174928605  9.526807029019817
7.947538231593549  8.75195877204174
9.020874041034451  7.943282347242818
10.111088376245219  7.386199822079362
11.475080554570559  6.543189129712966
13.020460514742167  5.589441576403375
14.405703031042167  4.951500669473134
16.349041426123623  4.386370005779539
18.083566776964744  3.7018690558462057
19.999435508529285  3.0493728293872597
22.399955980329832  2.481628922836825
24.154009960607944  2.0943662539726753
25.394504890335046  1.8109011179578194
27.383050422263704  1.5283067326587687
29.5213808548022  1.2437607347260158
31.83308609373851  1.0496696290308787
33.46796088104094  0.907600521681814
36.088707548879526  0.7659678234751838
38.42018616997135  0.6386503549649857
39.38387156745534  0.5657591401470916
41.92261706800253  0.4604239376758779
44.043217147370804  0.3484217543538395
46.28038015976625  0.27342744561652327
48.01000845970082  0.20943662539726732
51.10480813549032  0.17044291274531945
52.323561300718104  0.12139771890700728
52.95442994079212  0.10624678308940409