# E [GeV] E^2 dN/dE [GeV]
0.10252090081477214  0.4461045446074811
0.11144096664540877  0.5182371746402128
0.11988110606731386  0.5901234518336198
0.13167695788656217  0.6993786875668687
0.14769355151969923  0.8456278632536189
0.1709278417059289  1.0748554656331957
0.19174491633149304  1.2613342934678833
0.2150679065903286  1.525095691926954
0.24377742031454  1.8440969592543068
0.27063124802282024  2.121222777437073
0.32324184325261734  2.6965989859626496
0.38611506115454436  3.3603817262518545
0.4469784837010765  4.023332139761773
0.5229285819544486  4.769512669029296
0.6247562576049893  5.71124221616939
0.7234342912142472  6.441015418960226
0.8376981700206666  7.264037849739298
0.9802619887315728  8.192597617121772
1.1470880574184281  9.239854899500312
1.328508389287889  10.013207957312117
1.5712464774529165  10.96098977665854
2.0004454119999173  11.765403857519416
2.5205903728342514  12.256243561935367
3.0136081107259405  12.512706424602332
3.838546724400484  12.15679614665815
4.639335938457254  11.575248996933409
5.5492972899773125  10.696335750921557
6.499619343552777  9.883259029485284
7.376651405567648  9.040180671413964
8.284465222408752  8.268643646356995
9.504308785398642  7.124550381575062
11.135984107973929  6.078427808569693
12.381838509135948  4.9820783765739876
14.206291685367047  4.208001678020869
15.6311491578427  3.4146524833561793
17.378324671815417  2.855115232285735
18.921343359753827  2.316724978221596
19.956256025356446  1.9954439504848132
21.95982022343137  1.5872754633372055
23.407850437397613  1.3402298438261
24.962722847336735  1.0242761926217816
26.061013585519778  0.8227349237615904
27.774419397930938  0.7229405571212499
28.98454158682888  0.6351930134405511
29.94602601054857  0.500116246054897
31.9366519451561  0.3784250159575026
33.69417698428226  0.30397821398318925
34.81664460541322  0.23228488606747302
37.533738377349586  0.1655678778255717
38.8035373982399  0.11338000443894601