# E [GeV] E^2 dN/dE [GeV]
1.031105312172144  0.1270553286683748
1.0741218913544075  0.1646735464608158
1.1189840038755423  0.21131283406069204
1.166091301804401  0.25288640310510957
1.2279136288991614  0.30874695869328583
1.2930724248975503  0.3732080290839229
1.3613790004614508  0.47418068796934104
1.4792228384147434  0.6025541010440929
1.6074869650945245  0.7431243200690115
1.728681416976652  0.9073570480638867
1.878918259409516  1.0752958506568575
2.063702847791037  1.2871418418087677
2.3149331086061924  1.5255816684942558
2.5702904933754382  1.7031434765364788
2.9449966111023205  1.9399214586641853
3.5195845407831587  2.1663982101624617
4.2958589159657405  2.3955378879918783
5.028552317427708  2.5196727500152596
6.075385338987634  2.5982844666196274
7.113209922299365  2.6000589716074023
9.156126848795868  2.526218109115068
11.18525726465914  2.3114587288579314
12.694550151591303  2.114282794880954
14.108990720043112  1.89558226535816
15.681743525690734  1.6826480219347026
17.42981371843955  1.4936330738385584
19.172746272835052  1.286731820643183
21.08900732086872  1.1195953325113976
22.478593017077866  0.9548100457087333
23.955378879918783  0.8474001861170931
25.264480793431265  0.7371952465068312
26.932871843255388  0.6101711510263369
28.108886700554297  0.5255293260460578
29.329576470442447  0.4757588057681819
29.974662321454264  0.4056613846529567
30.952081457204155  0.3599779868410826
32.29624316641934  0.32588608976568917
32.6583967418939  0.2834527843526859
33.73100296541851  0.23930314636967817
34.83883700860118  0.20203010527204596
35.98141814755747  0.17227120449658034
36.01746517182131  0.1383491443713332
36.037142403822976  0.12275224749788968