# E [GeV] E^2 dN/dE [GeV]
0.9628125160712987  0.10496696290308777
0.9637154518022307  0.12437607347260145
0.9644900706542326  0.14384498882876615
0.9654592198457869  0.17252105499420392
0.9786056859794389  0.1995262314968879
1.0049669703897812  0.24517358879792867
1.0321074669455352  0.30493728293872585
1.0736953446192556  0.3885739518570972
1.116510343530439  0.4604239376758779
1.2065222352934164  0.5726572150091959
1.2867926691827727  0.6622967617148325
1.3900671051208764  0.7753069627189982
1.5012279497049084  0.864653502950037
1.6632801206829977  0.9879542688342913
1.8903136749397744  1.1288378916846884
2.148049073648755  1.2589254117941675
2.5036589413547765  1.3870919878509274
3.1106185515577693  1.6042171611153233
3.625096480556152  1.725210549942041
4.118534020441481  1.8553295113499622
5.114930994285516  1.9952623149688797
6.113700480817275  2.0943662539726753
7.786885136946005  2.171911402017426
9.542128169984144  2.0691380811147893
11.254418461092056  1.947483039908757
12.93790369024757  1.7675366229876732
13.964104339676776  1.7675366229876732
15.256485218160583  1.6042171611153233
16.880747881947435  1.438449888287663
18.209928020521573  1.3055378690230302
19.8925968004088  1.1565326417902502
21.191924516152497  1.0885342672606435
22.283277242260667  0.964296357589578
23.724456825654585  0.8138161719423082
25.921895983301425  0.7476256801637687
26.232681528028735  0.6464371632490059
27.581778972637437  0.5657591401470916
29.371540335680546  0.4951500669473131
30.106244631579187  0.4333532971896588
31.254410463058306  0.37926901907322497
32.029778851198984  0.3200834046599764
33.68603069687456  0.2940499112310759
34.514789900352895  0.2393025731180497
35.816693458198316  0.1947483039908755
37.16521654936431  0.15658019951383642
38.58000811216223  0.13538761800225432
40.045976059832704  0.11565326417902501
40.53152674307141  0.10245338593872223