# alphaX=1.0e-03  r=2.5  mX_therm=2.590754e+01  eps_therm=2.150519e-09  GoH_thresh=0.05  mX_join_max=2.995955e+01
# mX [GeV]    mY [GeV]    epsX_relic    epsX_bbn    Och2    GoH_handoff   regime  (0=joint, 1=secluded)
2.59075444e+01 1.03630178e+01 1.00000000e-01 nan 1.20000000e-01 nan 0.00000000e+00
2.59075444e+01 1.03630178e+01 2.15051904e-08 nan 1.20035499e-01 1.44266094e+05 0.00000000e+00
2.59075444e+01 1.03630178e+01 1.77504741e-08 nan 1.20035234e-01 9.82873455e+04 0.00000000e+00
2.59075444e+01 1.03630178e+01 1.46513157e-08 nan 1.20037262e-01 6.69623890e+04 0.00000000e+00
2.59075444e+01 1.03630178e+01 1.20932573e-08 nan 1.20035762e-01 4.56209445e+04 0.00000000e+00
2.59075444e+01 1.03630178e+01 9.98182515e-09 nan 1.20034784e-01 3.10811877e+04 0.00000000e+00
2.59075444e+01 1.03630178e+01 8.23904026e-09 nan 1.20037111e-01 2.11753667e+04 0.00000000e+00
2.48756202e+01 9.95024806e+00 6.80053831e-09 nan 1.11849712e-01 1.49424229e+04 0.00000000e+00
2.19302893e+01 8.77211571e+00 5.61319278e-09 3.06896024e-12 1.20000632e-01 9.26684376e+00 0.00000000e+00
2.17613612e+01 8.70454448e+00 4.63315282e-09 3.06896024e-12 1.20060233e-01 7.42046072e+00 0.00000000e+00
2.17935286e+01 8.71741143e+00 4.30103808e-09 3.06896024e-12 1.20081304e-01 6.71106022e+00 0.00000000e+00
2.18483317e+01 8.73933270e+00 3.84021257e-09 3.06896024e-12 1.20104616e-01 5.72395333e+00 0.00000000e+00
2.18506845e+01 8.74027381e+00 3.82422373e-09 3.06896024e-12 1.20106112e-01 5.69015683e+00 0.00000000e+00
2.18649921e+01 8.74599685e+00 3.37938706e-09 3.06896024e-12 1.20010220e-01 4.77250398e+00 0.00000000e+00
2.18548286e+01 8.74193143e+00 3.15653027e-09 3.06896024e-12 1.20000312e-01 4.32750018e+00 0.00000000e+00
2.18285188e+01 8.73140752e+00 2.91856155e-09 3.06896024e-12 1.19998219e-01 3.86718352e+00 0.00000000e+00
2.17631466e+01 8.70525863e+00 2.60541330e-09 3.06896024e-12 1.19995300e-01 3.28426022e+00 0.00000000e+00
2.17179190e+01 8.68716759e+00 2.45773604e-09 3.06896024e-12 1.19927045e-01 3.01743967e+00 0.00000000e+00
2.16139539e+01 8.64558154e+00 2.15051904e-09 3.11745573e-12 1.19806915e-01 2.48143688e+00 0.00000000e+00
2.15714507e+01 8.62858030e+00 1.99691054e-09 3.11745573e-12 1.19866514e-01 2.22212897e+00 0.00000000e+00
2.14204401e+01 8.56817604e+00 1.53608503e-09 3.11745573e-12 1.20142631e-01 1.47892973e+00 0.00000000e+00
2.14146171e+01 8.56584685e+00 1.46513157e-09 3.11745573e-12 1.20023151e-01 1.37049689e+00 0.00000000e+00
1.97323971e+01 7.89295882e+00 1.07525952e-09 3.16671753e-12 1.20015869e-01 1.05747545e+00 0.00000000e+00
1.90958813e+01 7.63835251e+00 9.98182515e-10 3.16671753e-12 1.19973252e-01 1.05919729e+00 0.00000000e+00
1.69978530e+01 6.79914118e+00 6.80053831e-10 3.39988258e-12 1.20003328e-01 1.07101956e+00 0.00000000e+00
1.74519332e+01 6.98077328e+00 4.63315282e-10 3.35526465e-12 1.19996062e-01 1.09151546e+00 0.00000000e+00
1.79364462e+01 7.17457847e+00 3.15653027e-10 3.31121038e-12 1.20006280e-01 1.12617623e+00 0.00000000e+00
1.86920948e+01 7.47683793e+00 2.15051904e-10 3.23815811e-12 1.19994509e-01 1.15359977e+00 0.00000000e+00
2.01600899e+01 8.06403595e+00 1.46513157e-10 3.11745573e-12 1.19998233e-01 1.22006397e+00 0.00000000e+00
2.21624557e+01 8.86498227e+00 9.98182515e-11 3.02852999e-12 1.19688643e-01 7.86867260e-01 0.00000000e+00
2.53924409e+01 1.01569764e+01 6.80053831e-11 2.73335053e-12 1.20580228e-01 3.50868780e-01 0.00000000e+00
2.99595526e+01 1.19838210e+01 4.63315282e-11 2.49181527e-12 1.20425281e-01 1.50308414e-01 0.00000000e+00
3.17571257e+01 1.27028503e+01 4.18079859e-11 2.39517371e-12 1.20000000e-01 nan 1.00000000e+00
3.24852777e+01 1.29941111e+01 3.99177293e-11 2.39517371e-12 1.20000000e-01 nan 1.00000000e+00
3.32301253e+01 1.32920501e+01 3.81432612e-11 2.33333508e-12 1.20000000e-01 nan 1.00000000e+00
3.39920513e+01 1.35968205e+01 3.64892868e-11 2.33333508e-12 1.20000000e-01 nan 1.00000000e+00
3.47714474e+01 1.39085790e+01 3.49369519e-11 2.30228026e-12 1.20000000e-01 nan 1.00000000e+00
3.55687141e+01 1.42274856e+01 3.34755882e-11 2.27162352e-12 1.20000000e-01 nan 1.00000000e+00
3.63842611e+01 1.45537045e+01 3.20950532e-11 2.22343397e-12 1.20000000e-01 nan 1.00000000e+00
3.72185077e+01 1.48874031e+01 3.07972509e-11 2.22343397e-12 1.20000000e-01 nan 1.00000000e+00
3.80718824e+01 1.52287530e+01 2.95686162e-11 2.17626670e-12 1.20000000e-01 nan 1.00000000e+00
3.89448240e+01 1.55779296e+01 2.84072107e-11 2.17626670e-12 1.20000000e-01 nan 1.00000000e+00
3.98377811e+01 1.59351124e+01 2.73072991e-11 2.14447123e-12 1.20000000e-01 nan 1.00000000e+00
4.07512126e+01 1.63004851e+01 2.62671136e-11 2.11314030e-12 1.20000000e-01 nan 1.00000000e+00
4.16855880e+01 1.66742352e+01 2.52799121e-11 2.08491271e-12 1.20000000e-01 nan 1.00000000e+00
4.26413874e+01 1.70565550e+01 2.43421531e-11 2.04757834e-12 1.20000000e-01 nan 1.00000000e+00
4.36191022e+01 1.74476409e+01 2.34503943e-11 2.04757834e-12 1.20000000e-01 nan 1.00000000e+00
4.46192348e+01 1.78476939e+01 2.26001540e-11 2.01091251e-12 1.20000000e-01 nan 1.00000000e+00
4.56422991e+01 1.82569197e+01 2.17899365e-11 1.96586924e-12 1.20000000e-01 nan 1.00000000e+00
4.66888211e+01 1.86755284e+01 2.10131537e-11 1.96586924e-12 1.20000000e-01 nan 1.00000000e+00
4.77593386e+01 1.91037354e+01 2.02705315e-11 1.93953882e-12 1.20000000e-01 nan 1.00000000e+00
4.88544017e+01 1.95417607e+01 1.95605746e-11 1.93953882e-12 1.20000000e-01 nan 1.00000000e+00
4.99745732e+01 1.99898293e+01 1.89045782e-11 1.91354816e-12 1.20000000e-01 nan 1.00000000e+00
5.11204290e+01 2.04481716e+01 1.82539330e-11 1.88789304e-12 1.20000000e-01 nan 1.00000000e+00
5.22925578e+01 2.09170231e+01 1.76305918e-11 1.86256930e-12 1.20000000e-01 nan 1.00000000e+00
5.34915620e+01 2.13966248e+01 1.70330373e-11 1.83757284e-12 1.20000000e-01 nan 1.00000000e+00
5.47180580e+01 2.18872232e+01 1.64595273e-11 1.81289959e-12 1.20000000e-01 nan 1.00000000e+00
5.59726760e+01 2.23890704e+01 1.59090590e-11 1.81289959e-12 1.20000000e-01 nan 1.00000000e+00
5.72560609e+01 2.29024244e+01 1.53804425e-11 1.78854553e-12 1.20000000e-01 nan 1.00000000e+00
5.85688722e+01 2.34275489e+01 1.48727255e-11 1.74500184e-12 1.20000000e-01 nan 1.00000000e+00
5.99117847e+01 2.39647139e+01 1.43845460e-11 1.74500184e-12 1.20000000e-01 nan 1.00000000e+00
6.12854885e+01 2.45141954e+01 1.39151741e-11 1.70251826e-12 1.20000000e-01 nan 1.00000000e+00
6.26906896e+01 2.50762758e+01 1.34635088e-11 1.70251826e-12 1.20000000e-01 nan 1.00000000e+00
6.41281103e+01 2.56512441e+01 1.30290578e-11 1.67238108e-12 1.20000000e-01 nan 1.00000000e+00
6.55984893e+01 2.62393957e+01 1.26110986e-11 1.67238108e-12 1.20000000e-01 nan 1.00000000e+00
6.71025823e+01 2.68410329e+01 1.22089275e-11 1.64277737e-12 1.20000000e-01 nan 1.00000000e+00
6.86411622e+01 2.74564649e+01 1.18215575e-11 1.62062881e-12 1.20000000e-01 nan 1.00000000e+00
7.02150200e+01 2.80860080e+01 1.14478227e-11 1.58656761e-12 1.20000000e-01 nan 1.00000000e+00
7.18249643e+01 2.87299857e+01 1.10869662e-11 1.58656761e-12 1.20000000e-01 nan 1.00000000e+00
7.34718227e+01 2.93887291e+01 1.07384173e-11 1.55322229e-12 1.20000000e-01 nan 1.00000000e+00
7.51564416e+01 3.00625766e+01 1.04022462e-11 1.55322229e-12 1.20000000e-01 nan 1.00000000e+00
7.68796867e+01 3.07518747e+01 1.00776521e-11 1.53096566e-12 1.20000000e-01 nan 1.00000000e+00
7.86424437e+01 3.14569775e+01 9.76411776e-12 1.50902795e-12 1.20000000e-01 nan 1.00000000e+00
8.04456186e+01 3.21782474e+01 9.46103735e-12 1.50902795e-12 1.20000000e-01 nan 1.00000000e+00
8.22901380e+01 3.29160552e+01 9.16804598e-12 1.48861940e-12 1.20000000e-01 nan 1.00000000e+00
8.41769501e+01 3.36707800e+01 8.88492015e-12 1.46847687e-12 1.20000000e-01 nan 1.00000000e+00
8.61070244e+01 3.44428097e+01 8.61107388e-12 1.43518511e-12 1.20000000e-01 nan 1.00000000e+00
8.80813529e+01 3.52325412e+01 8.34488910e-12 1.43518511e-12 1.20000000e-01 nan 1.00000000e+00
9.01009504e+01 3.60403802e+01 8.08763969e-12 1.40264812e-12 1.20000000e-01 nan 1.00000000e+00
9.21668548e+01 3.68667419e+01 7.83912312e-12 1.40264812e-12 1.20000000e-01 nan 1.00000000e+00
9.42801278e+01 3.77120511e+01 7.59889790e-12 1.38025010e-12 1.20000000e-01 nan 1.00000000e+00
9.64418556e+01 3.85767422e+01 7.36634946e-12 1.38025010e-12 1.20000000e-01 nan 1.00000000e+00
9.86531492e+01 3.94612597e+01 7.15017955e-12 1.35820974e-12 1.20000000e-01 nan 1.00000000e+00
1.00915145e+02 4.03660580e+01 6.93189457e-12 1.33977033e-12 1.20000000e-01 nan 1.00000000e+00
1.03229006e+02 4.12916022e+01 6.72080877e-12 1.31389381e-12 1.20000000e-01 nan 1.00000000e+00
1.05595920e+02 4.22383681e+01 6.51658573e-12 1.31389381e-12 1.20000000e-01 nan 1.00000000e+00
1.08017105e+02 4.32068421e+01 6.31883207e-12 1.28851708e-12 1.20000000e-01 nan 1.00000000e+00
1.10493805e+02 4.41975220e+01 6.12703199e-12 1.28851708e-12 1.20000000e-01 nan 1.00000000e+00
1.13027293e+02 4.52109171e+01 5.94134194e-12 1.25632913e-12 1.20000000e-01 nan 1.00000000e+00
1.15618870e+02 4.62475480e+01 5.76159797e-12 1.25632913e-12 1.20000000e-01 nan 1.00000000e+00
1.18269869e+02 4.73079476e+01 5.58754496e-12 1.23922454e-12 1.20000000e-01 nan 1.00000000e+00
1.20981652e+02 4.83926608e+01 5.41896148e-12 1.22234444e-12 1.20000000e-01 nan 1.00000000e+00
1.23755613e+02 4.95022453e+01 5.25532303e-12 1.20568600e-12 1.20000000e-01 nan 1.00000000e+00
1.26593178e+02 5.06372711e+01 5.09673762e-12 1.17735632e-12 1.20000000e-01 nan 1.00000000e+00
1.29495804e+02 5.17983217e+01 4.94316592e-12 1.17735632e-12 1.20000000e-01 nan 1.00000000e+00
1.32464984e+02 5.29859937e+01 4.79442522e-12 1.17735632e-12 1.20000000e-01 nan 1.00000000e+00
1.35502244e+02 5.42008976e+01 4.65035638e-12 1.14969230e-12 1.20000000e-01 nan 1.00000000e+00
1.38609144e+02 5.54436578e+01 4.51071403e-12 1.14969230e-12 1.20000000e-01 nan 1.00000000e+00
1.41787282e+02 5.67149129e+01 4.37496570e-12 1.13043434e-12 1.20000000e-01 nan 1.00000000e+00
1.45038291e+02 5.80153163e+01 4.24349889e-12 1.11149897e-12 1.20000000e-01 nan 1.00000000e+00
1.48363841e+02 5.93455364e+01 4.11615031e-12 1.11149897e-12 1.20000000e-01 nan 1.00000000e+00
1.51765642e+02 6.07062569e+01 3.99275902e-12 1.09629902e-12 1.20000000e-01 nan 1.00000000e+00
1.55245442e+02 6.20981769e+01 3.87320272e-12 1.07424391e-12 1.20000000e-01 nan 1.00000000e+00
1.58805030e+02 6.35220120e+01 3.75713299e-12 1.07424391e-12 1.20000000e-01 nan 1.00000000e+00
1.62446235e+02 6.49784939e+01 3.64434610e-12 1.05263250e-12 1.20000000e-01 nan 1.00000000e+00
1.66170928e+02 6.64683712e+01 3.53509214e-12 1.02476011e-12 1.20000000e-01 nan 1.00000000e+00
1.69981024e+02 6.79924095e+01 3.42924255e-12 1.02476011e-12 1.20000000e-01 nan 1.00000000e+00
1.73878480e+02 6.95513921e+01 3.32665754e-12 1.02476011e-12 1.20000000e-01 nan 1.00000000e+00
1.77865301e+02 7.11461203e+01 3.22723167e-12 1.01070526e-12 1.20000000e-01 nan 1.00000000e+00
1.81943534e+02 7.27774136e+01 3.13062451e-12 9.96836280e-13 1.20000000e-01 nan 1.00000000e+00
1.86115276e+02 7.44461106e+01 3.03673485e-12 9.75108152e-13 1.20000000e-01 nan 1.00000000e+00
1.90382672e+02 7.61530686e+01 2.94579423e-12 9.75108152e-13 1.20000000e-01 nan 1.00000000e+00
1.94747913e+02 7.78991652e+01 2.85766311e-12 9.53853634e-13 1.20000000e-01 nan 1.00000000e+00
1.99213244e+02 7.96852976e+01 2.77229287e-12 9.53853634e-13 1.20000000e-01 nan 1.00000000e+00
2.03780960e+02 8.15123838e+01 2.68958395e-12 9.39551532e-13 1.20000000e-01 nan 1.00000000e+00
2.08453407e+02 8.33813629e+01 2.60908997e-12 9.25463876e-13 1.20000000e-01 nan 1.00000000e+00
2.13232988e+02 8.52931953e+01 2.53086803e-12 9.25463876e-13 1.20000000e-01 nan 1.00000000e+00
2.18122159e+02 8.72488638e+01 2.45510342e-12 9.12724359e-13 1.20000000e-01 nan 1.00000000e+00
2.23123433e+02 8.92493733e+01 2.38172570e-12 8.95938781e-13 1.20000000e-01 nan 1.00000000e+00
2.28239380e+02 9.12957521e+01 2.31060564e-12 8.95938781e-13 1.20000000e-01 nan 1.00000000e+00
2.33472630e+02 9.33890518e+01 2.24170519e-12 8.79461901e-13 1.20000000e-01 nan 1.00000000e+00
2.38825871e+02 9.55303483e+01 2.17463398e-12 8.59271429e-13 1.20000000e-01 nan 1.00000000e+00
2.44301855e+02 9.77207421e+01 2.10942428e-12 8.59271429e-13 1.20000000e-01 nan 1.00000000e+00
2.49903398e+02 9.99613590e+01 2.04628163e-12 8.47411628e-13 1.20000000e-01 nan 1.00000000e+00
2.55633376e+02 1.02253350e+02 1.98508417e-12 8.47411628e-13 1.20000000e-01 nan 1.00000000e+00
2.61494736e+02 1.04597894e+02 1.92581312e-12 8.35709707e-13 1.20000000e-01 nan 1.00000000e+00
2.67490490e+02 1.06996196e+02 1.86841817e-12 8.24163645e-13 1.20000000e-01 nan 1.00000000e+00
2.73623719e+02 1.09449488e+02 1.81270298e-12 8.12771446e-13 1.20000000e-01 nan 1.00000000e+00
2.79897576e+02 1.11959030e+02 1.75822234e-12 7.93338599e-13 1.20000000e-01 nan 1.00000000e+00
2.86315284e+02 1.14526114e+02 1.70552313e-12 7.93338599e-13 1.20000000e-01 nan 1.00000000e+00
2.92880143e+02 1.17152057e+02 1.65448080e-12 7.74370380e-13 1.20000000e-01 nan 1.00000000e+00
2.99595526e+02 1.19838210e+02 1.60508246e-12 7.74370380e-13 1.20000000e-01 nan 1.00000000e+00
2.99895121e+02 1.19958048e+02 1.60293109e-12 7.74370380e-13 1.20000000e-01 nan 1.00000000e+00
3.38444684e+02 1.35377874e+02 1.36302973e-12 7.22671518e-13 1.20000000e-01 nan 1.00000000e+00
3.81949542e+02 1.52779817e+02 1.15889679e-12 6.88748529e-13 1.20000000e-01 nan 1.00000000e+00
4.31046666e+02 1.72418666e+02 9.85050701e-13 6.40327547e-13 1.20000000e-01 nan 1.00000000e+00
4.86454905e+02 1.94581962e+02 8.37912258e-13 6.12230208e-13 1.20000000e-01 nan 1.00000000e+00
5.48985512e+02 2.19594205e+02 7.12046791e-13 5.75690269e-13 1.20000000e-01 nan 1.00000000e+00
6.19554021e+02 2.47821608e+02 6.04857541e-13 5.39124748e-13 1.20000000e-01 nan 1.00000000e+00
6.99193651e+02 2.79677460e+02 5.13965449e-13 5.09887092e-13 1.20000000e-01 nan 1.00000000e+00
7.89070437e+02 3.15628175e+02 4.36340106e-13 4.71166756e-13 1.20000000e-01 nan 1.00000000e+00
7.94374000e+02 3.17749600e+02 4.32391564e-13 4.71166756e-13 1.20000000e-01 nan 1.00000000e+00
8.14726750e+02 3.25890700e+02 4.18457054e-13 4.71166756e-13 1.20000000e-01 nan 1.00000000e+00
8.35079500e+02 3.34031800e+02 4.04798441e-13 4.64523986e-13 1.20000000e-01 nan 1.00000000e+00
8.55432250e+02 3.42172900e+02 3.91948148e-13 4.57971617e-13 1.20000000e-01 nan 1.00000000e+00
8.75785000e+02 3.50314000e+02 3.70215671e-13 4.38680189e-13 1.20000000e-01 nan 1.00000000e+00
8.90500298e+02 3.56200119e+02 3.58220211e-13 4.32411153e-13 1.20000000e-01 nan 1.00000000e+00
8.96137750e+02 3.58455100e+02 3.54059658e-13 4.32411153e-13 1.20000000e-01 nan 1.00000000e+00
9.16490500e+02 3.66596200e+02 3.40425012e-13 4.26231705e-13 1.20000000e-01 nan 1.00000000e+00
9.36843250e+02 3.74737300e+02 3.28803774e-13 4.12728016e-13 1.20000000e-01 nan 1.00000000e+00
9.57196000e+02 3.82878400e+02 3.17778569e-13 4.05387562e-13 1.20000000e-01 nan 1.00000000e+00
9.77548750e+02 3.91019500e+02 3.07773527e-13 4.05387562e-13 1.20000000e-01 nan 1.00000000e+00
9.97901500e+02 3.99160600e+02 2.98257264e-13 3.96722852e-13 1.20000000e-01 nan 1.00000000e+00
1.00496831e+03 4.01987323e+02 2.95086213e-13 3.96722852e-13 1.20000000e-01 nan 1.00000000e+00
1.01825425e+03 4.07301700e+02 2.89414384e-13 3.91095986e-13 1.20000000e-01 nan 1.00000000e+00
1.03860700e+03 4.15442800e+02 2.80767609e-13 3.91095986e-13 1.20000000e-01 nan 1.00000000e+00
1.05895975e+03 4.23583900e+02 2.73028703e-13 3.85546173e-13 1.20000000e-01 nan 1.00000000e+00
1.07931250e+03 4.31725000e+02 2.65628665e-13 3.80072397e-13 1.20000000e-01 nan 1.00000000e+00
1.13415043e+03 4.53660173e+02 2.47685911e-13 3.69348955e-13 1.20000000e-01 nan 1.00000000e+00
1.27993808e+03 5.11975230e+02 2.08683825e-13 3.45740876e-13 1.20000000e-01 nan 1.00000000e+00
1.44446577e+03 5.77786309e+02 1.76561599e-13 3.21333822e-13 1.20000000e-01 nan 1.00000000e+00
1.63014243e+03 6.52056973e+02 1.49466722e-13 3.03825230e-13 1.20000000e-01 nan 1.00000000e+00
1.83968661e+03 7.35874646e+02 1.26563986e-13 2.85970355e-13 1.20000000e-01 nan 1.00000000e+00
2.07616634e+03 8.30466535e+02 1.06951157e-13 2.67232239e-13 1.20000000e-01 nan 1.00000000e+00
2.34304399e+03 9.37217594e+02 9.03258199e-14 2.49925631e-13 1.20000000e-01 nan 1.00000000e+00
2.64422702e+03 1.05769081e+03 7.61977273e-14 2.34619451e-13 1.20000000e-01 nan 1.00000000e+00
2.98412516e+03 1.19365006e+03 6.41397818e-14 2.18658662e-13 1.20000000e-01 nan 1.00000000e+00
3.36771500e+03 1.34708600e+03 5.38304176e-14 2.02668401e-13 1.20000000e-01 nan 1.00000000e+00
3.80061281e+03 1.52024512e+03 4.50616870e-14 1.89920579e-13 1.20000000e-01 nan 1.00000000e+00
4.28915681e+03 1.71566272e+03 3.75783025e-14 1.76739192e-13 1.20000000e-01 nan 1.00000000e+00
4.84049996e+03 1.93619998e+03 3.11849120e-14 1.61209704e-13 1.20000000e-01 nan 1.00000000e+00
5.46271467e+03 2.18508587e+03 2.57013061e-14 1.50594027e-13 1.20000000e-01 nan 1.00000000e+00
6.16491104e+03 2.46596441e+03 2.10692963e-14 1.36591108e-13 1.20000000e-01 nan 1.00000000e+00
6.95737016e+03 2.78294807e+03 1.71360809e-14 1.25512319e-13 1.20000000e-01 nan 1.00000000e+00
7.85169474e+03 3.14067790e+03 1.37873731e-14 1.12680601e-13 1.20000000e-01 nan 1.00000000e+00
8.86097892e+03 3.54439157e+03 1.09459409e-14 1.01196945e-13 1.20000000e-01 nan 1.00000000e+00
1.00000000e+04 4.00000000e+03 8.54653711e-15 8.94934446e-14 1.20000000e-01 nan 1.00000000e+00
